100
3
7 3 8 1 6 2 4 9 5
5 4 6 8 7 9 2 1 3
9 2 1 3 5 4 6 8 7
1 6 2 4 9 5 7 3 8
8 7 9 2 1 3 5 4 6
3 5 4 6 8 7 9 2 1
4 9 5 7 3 8 1 6 2
2 1 3 5 4 6 8 7 9
6 8 7 9 2 1 3 5 4
3
7 3 8 1 6 2 4 9 5
5 1 9 8 4 3 2 7 6
6 2 4 9 5 7 3 8 1
1 6 2 4 9 5 7 3 8
8 4 3 2 7 6 5 1 9
9 5 7 3 8 1 6 2 4
4 9 5 7 3 8 1 6 2
2 7 6 5 1 9 8 4 3
3 8 1 6 2 4 9 5 7
3
7 9 2 1 3 5 4 6 8
8 4 3 2 7 6 5 1 9
6 5 1 9 8 4 3 2 7
1 3 5 4 6 8 7 9 2
2 7 6 5 1 9 8 4 3
9 8 4 3 2 7 6 5 1
4 6 8 7 9 2 1 3 5
5 1 9 8 4 3 2 7 6
3 2 7 6 5 1 9 8 4
3
7 9 2 1 3 5 4 6 8
5 4 3 8 7 6 2 1 9
6 8 1 9 2 4 3 5 7
1 3 5 4 6 8 7 9 2
8 7 6 2 1 9 5 4 3
9 2 4 3 5 7 6 8 1
4 6 8 7 9 2 1 3 5
2 1 9 5 4 3 8 7 6
3 5 7 6 8 1 9 2 4
3
4 9 2 7 3 5 1 6 8
8 7 6 2 1 9 5 4 3
3 5 1 6 8 4 9 2 7
7 3 5 1 6 8 4 9 2
2 1 9 5 4 3 8 7 6
6 8 4 9 2 7 3 5 1
1 6 8 4 9 2 7 3 5
5 5 3 8 7 6 2 1 9
9 2 7 3 5 1 6 8 4
3
7 3 2 1 6 5 4 9 8
5 1 10 8 4 3 2 7 6
6 8 4 9 2 7 3 5 1
1 6 5 4 9 8 7 3 2
8 4 3 2 7 6 5 1 9
9 2 7 3 5 1 6 8 4
4 9 8 7 3 2 1 6 5
2 7 6 5 1 9 8 4 3
3 5 1 6 8 4 9 2 7
3
7 3 8 1 6 2 4 9 5
5 4 6 8 7 9 2 1 3
9 2 1 3 5 4 6 8 7
1 6 2 4 9 5 7 3 8
8 7 9 2 1 3 5 4 6
3 5 4 6 8 7 9 2 1
4 9 5 7 3 8 1 6 2
2 1 3 5 4 6 8 7 9
6 8 7 9 2 1 3 5 4
3
7 3 8 1 6 2 4 9 5
2 1 6 5 4 9 8 7 3
9 5 4 3 8 7 6 2 1
1 6 2 4 9 5 7 3 8
5 4 9 8 7 3 2 1 6
3 8 7 6 2 1 9 5 4
4 9 5 7 3 8 1 6 2
8 7 3 2 1 6 5 4 9
6 2 1 9 5 4 3 8 7
3
1 3 5 4 6 8 7 9 2
8 7 9 2 1 3 5 4 6
6 2 4 9 5 7 3 8 1
4 6 8 7 9 2 1 3 5
2 1 3 5 4 6 8 7 9
9 5 7 3 8 1 6 2 4
7 9 2 1 3 5 4 6 8
5 4 6 8 7 9 2 1 3
3 8 1 6 2 4 9 5 7
3
1 6 8 4 9 2 7 3 5
5 7 3 8 1 6 2 4 9
9 2 4 3 5 7 6 8 1
4 9 2 7 3 5 1 6 8
8 1 6 2 4 9 5 7 3
3 5 7 6 8 1 9 2 4
7 3 5 1 6 8 4 9 2
2 4 9 5 7 3 8 1 6
6 8 1 9 2 4 3 5 7
3
7 9 5 1 3 8 4 6 2
8 1 3 2 4 6 5 7 9
6 3 4 9 5 7 3 8 1
1 3 8 4 6 2 7 9 5
2 4 6 5 7 9 8 1 3
9 5 7 3 8 1 6 2 4
4 6 2 7 9 5 1 3 8
5 7 9 8 1 3 2 4 6
3 8 1 6 2 4 9 5 7
3
1 9 8 4 3 2 7 6 5
2 4 3 5 7 6 8 1 9
6 5 7 9 8 1 3 2 4
4 3 2 7 6 5 1 9 8
5 7 6 8 1 9 2 4 3
9 8 1 3 2 4 6 5 7
7 6 5 1 9 8 4 3 2
8 1 9 2 4 3 5 7 6
3 2 4 6 5 7 9 8 1
3
7 3 8 1 6 2 4 9 5
2 1 9 5 4 3 8 7 6
6 5 4 9 8 7 3 2 1
1 6 2 4 9 5 7 3 8
5 4 3 8 7 6 2 1 9
9 8 7 3 2 1 6 5 4
4 9 5 7 3 8 1 6 2
8 7 6 2 1 9 5 4 3
3 2 1 6 5 4 9 8 7
3
1 6 2 4 9 5 7 3 8
5 4 9 8 7 3 2 1 6
3 8 7 6 2 1 9 5 4
4 9 5 7 3 8 1 6 2
8 7 3 2 1 6 5 4 9
6 2 1 9 5 4 3 8 7
7 3 8 1 6 2 4 9 5
2 1 6 5 4 9 8 7 3
9 5 4 3 8 7 6 2 1
3
22 27 29 25 30 23 28 24 26
23 28 24 26 22 27 29 25 30
30 26 25 24 29 28 27 23 22
25 30 23 28 24 26 22 27 29
26 22 27 29 25 30 23 28 24
24 29 28 27 23 22 30 26 25
28 24 26 22 27 29 25 30 23
29 25 30 23 28 24 26 22 27
27 23 22 30 26 25 24 29 28
3
475 477 479 478 480 473 472 474 476
473 478 474 476 472 477 479 475 480
480 476 472 474 479 475 477 473 478
478 480 473 472 474 476 475 477 479
476 472 477 479 475 480 473 478 474
474 479 475 477 473 478 480 476 472
472 474 476 475 477 479 478 480 473
479 475 480 473 478 474 476 472 477
477 473 478 480 476 472 474 479 475
3
4 3 5 7 6 8 1 9 2
2 7 6 5 1 9 8 4 3
9 8 1 3 2 4 6 5 7
7 6 8 1 9 2 4 3 5
5 1 9 8 4 3 2 7 6
3 2 4 6 5 7 9 8 1
1 9 2 4 3 5 7 6 8
8 4 3 2 7 6 5 1 9
6 5 7 9 8 1 3 2 4
3
361 357 362 355 360 356 358 363 359
356 358 363 359 361 357 362 355 360
360 359 355 363 362 358 357 356 361
355 360 356 358 363 359 361 357 362
359 361 357 362 355 360 356 358 363
363 362 358 357 356 361 360 359 355
358 363 359 361 357 362 355 360 356
362 355 360 356 358 363 359 361 357
357 356 361 360 359 355 363 362 358
3
4 9 5 7 3 8 1 6 2
8 7 3 2 1 6 5 4 9
6 2 1 9 5 4 3 8 7
7 3 8 1 6 2 4 9 5
2 1 6 5 4 9 8 7 3
9 5 4 3 8 7 6 2 1
1 6 2 4 9 5 7 3 8
5 4 9 8 7 3 2 1 6
3 8 7 6 2 1 9 5 4
3
4 3 5 7 6 8 1 9 2
2 7 9 5 1 3 8 4 6
6 8 1 9 2 4 3 5 7
7 6 8 1 9 2 4 3 5
5 1 3 8 4 6 2 7 9
9 2 4 3 5 7 6 8 1
1 9 2 4 3 5 7 6 8
8 4 6 2 7 9 5 1 3
3 5 7 6 8 1 9 2 4
3
4 6 8 7 9 2 1 3 5
2 7 3 5 1 6 8 4 9
9 5 1 3 8 4 6 2 7
7 9 2 1 3 5 4 6 8
5 1 6 8 4 9 2 7 3
3 8 4 6 2 7 9 5 2
1 3 5 4 6 8 7 9 2
8 4 9 2 7 3 5 1 6
6 2 7 9 5 1 3 8 4
3
1 9 2 4 3 5 7 6 8
8 4 6 2 7 9 5 1 3
3 5 7 6 8 1 9 2 4
4 3 5 7 6 8 1 9 2
2 7 9 5 1 3 8 4 6
6 8 1 9 2 4 3 5 7
7 6 8 1 9 2 4 3 5
5 1 3 8 4 6 2 7 9
9 2 4 3 5 7 6 8 1
3
7 9 2 1 3 5 4 6 8
8 4 3 2 7 6 5 1 9
6 5 1 9 8 4 3 2 7
1 3 5 4 6 8 7 9 2
2 7 6 5 1 9 8 4 3
9 8 4 3 2 7 6 5 1
4 6 8 7 9 2 1 3 5
5 1 9 8 4 3 2 7 6
3 2 7 6 5 1 9 8 4
3
7 6 8 1 9 2 4 3 5
5 1 3 8 4 6 2 7 9
9 2 4 3 5 7 6 8 1
1 9 2 4 3 5 7 6 8
8 4 6 2 7 9 5 1 3
3 5 7 6 8 1 9 2 4
4 3 5 7 6 8 1 9 2
2 7 9 5 1 3 8 4 6
6 8 1 9 2 4 3 5 7
3
1 3 8 4 6 2 7 9 5
5 7 9 8 1 3 2 4 6
6 2 4 9 5 7 3 8 1
4 6 2 7 9 5 1 3 8
8 1 3 2 4 6 5 7 9
9 5 7 3 8 1 6 2 4
7 9 6 1 3 8 4 6 2
2 4 6 5 7 9 8 1 3
3 8 1 6 2 4 9 5 7
3
1 6 5 4 9 8 7 3 2
2 4 9 5 7 3 8 1 6
3 8 7 6 2 1 9 5 4
4 9 8 7 3 2 1 6 5
5 7 3 8 1 6 2 4 9
6 2 1 9 5 4 3 8 7
7 3 2 1 6 5 4 9 8
8 1 6 2 4 9 5 7 3
9 5 4 3 8 7 6 2 1
3
7 6 8 1 9 2 4 3 5
5 1 3 8 4 6 2 7 9
9 2 4 3 5 7 6 8 1
1 9 2 4 3 5 7 6 8
8 4 6 2 7 9 5 1 3
3 5 7 6 8 1 9 2 4
4 3 5 7 6 8 1 9 2
2 7 9 5 1 3 8 4 6
6 8 1 9 2 4 3 5 7
3
4 3 5 7 6 8 1 9 2
8 1 6 2 4 9 5 7 3
9 2 7 3 5 1 6 8 4
7 6 8 1 9 2 4 3 5
2 4 9 5 7 3 8 1 6
3 5 1 6 8 4 9 2 7
1 9 2 4 3 5 7 6 8
5 7 3 8 1 6 2 4 9
6 8 4 9 2 7 3 5 1
3
1 3 2 4 6 5 7 9 8
5 4 9 8 7 3 2 1 6
6 8 7 9 2 1 3 5 4
4 6 5 7 9 8 1 3 2
8 7 3 2 1 6 5 4 9
9 2 1 3 5 4 6 8 7
7 9 8 1 3 2 4 6 5
2 1 6 5 4 9 8 7 3
3 5 4 6 8 7 9 2 1
3
1 6 8 4 9 2 7 3 5
5 7 9 8 1 3 2 4 6
3 2 4 6 5 7 9 8 1
4 9 2 7 3 5 1 6 8
8 1 3 2 4 6 5 7 9
6 5 7 9 8 1 3 2 4
7 3 5 1 6 8 4 9 2
2 4 6 5 7 9 8 1 3
9 8 1 3 2 4 6 5 7
3
7 6 8 1 9 2 4 3 5
5 1 9 8 4 3 2 7 6
3 2 4 6 5 7 9 8 1
1 9 2 4 3 5 7 6 8
8 4 3 2 7 6 5 1 9
6 5 7 9 8 1 3 2 4
4 3 5 7 6 8 1 9 2
2 7 6 5 1 9 8 4 3
9 8 1 3 2 4 6 5 7
3
7 3 2 1 6 5 4 9 8
5 4 9 8 7 3 2 1 6
6 8 1 9 2 4 3 5 7
1 6 5 4 9 8 7 3 2
8 7 3 2 1 6 5 4 9
9 2 4 3 5 7 6 8 1
4 9 8 7 3 2 1 6 5
2 1 6 5 4 9 8 7 3
3 5 7 6 8 1 9 2 4
3
1 3 5 4 6 8 7 9 2
2 7 9 5 1 3 8 4 6
6 8 4 9 2 7 3 5 1
4 6 8 7 9 2 1 3 5
5 1 3 8 4 6 2 7 9
9 2 7 3 5 1 6 8 4
7 9 2 1 3 5 4 6 8
8 4 6 2 7 9 5 1 3
3 5 1 6 8 4 9 2 7
3
1 6 5 4 9 8 7 3 2
2 4 3 5 7 6 8 1 9
9 8 7 3 2 1 6 5 4
4 9 8 7 3 2 1 6 5
5 7 6 8 1 9 2 4 3
3 2 1 6 5 4 9 8 7
7 3 2 1 6 5 4 9 8
8 1 9 2 4 3 5 7 6
6 5 4 9 8 7 3 2 1
3
4 3 8 7 6 2 1 9 5
2 7 9 5 1 3 8 4 6
6 5 1 9 8 4 3 2 7
7 6 2 1 9 5 4 3 8
5 1 3 8 4 6 2 7 9
9 8 4 3 2 7 6 5 1
1 9 5 4 3 8 7 6 2
8 4 6 2 7 9 5 1 3
3 2 7 6 5 1 9 8 4
3
7 6 5 1 9 8 4 3 2
8 4 3 2 7 6 5 1 9
9 2 1 3 5 4 6 8 7
1 9 8 4 3 2 7 6 5
2 7 6 5 1 9 8 4 3
3 5 4 6 8 7 9 2 1
4 3 2 7 6 5 1 9 8
5 1 9 8 4 3 2 7 6
6 8 7 9 2 1 3 5 4
3
4 6 5 7 9 8 1 3 2
2 1 3 5 4 6 8 7 9
9 8 7 3 2 1 6 5 4
7 9 8 1 3 2 4 6 5
5 4 6 8 7 9 2 1 3
3 2 1 6 5 4 9 8 7
1 3 2 4 6 5 7 9 8
8 7 9 2 1 3 5 4 6
6 5 4 9 8 7 3 2 1
3
435 437 442 438 440 436 441 443 439
439 441 440 442 435 443 436 438 437
443 436 438 437 439 441 440 442 435
438 440 436 441 443 439 435 437 442
442 435 443 436 438 437 439 441 440
437 439 441 440 442 435 443 436 438
441 443 439 435 437 442 438 440 436
436 438 437 439 441 440 442 435 443
440 442 435 443 436 438 437 439 441
3
4 9 2 7 3 5 1 6 8
5 7 3 8 1 6 2 4 9
6 8 1 9 2 4 3 5 7
7 3 5 1 6 8 4 9 2
8 1 6 2 4 9 5 7 3
9 2 4 3 5 7 6 8 1
1 6 8 4 9 2 7 3 5
2 4 9 5 7 3 8 1 6
3 5 7 6 8 1 9 2 4
3
4 9 2 7 3 5 1 6 8
8 1 3 2 4 6 5 7 9
6 5 7 9 8 1 3 2 4
7 3 5 1 6 8 4 9 2
2 4 6 5 7 9 8 1 3
9 8 1 3 2 4 6 5 7
1 6 8 4 9 2 7 3 5
5 7 9 8 1 3 2 4 6
3 2 4 6 5 7 9 8 1
3
7 3 5 1 6 8 4 9 2
2 4 6 5 7 9 8 1 3
9 8 1 3 2 4 6 5 7
1 6 8 4 9 2 7 3 5
5 7 9 8 1 3 2 4 6
3 2 4 6 5 7 9 8 1
4 9 2 7 3 5 1 6 8
8 1 3 2 4 6 5 7 9
6 5 7 9 8 1 3 2 4
3
7 9 2 1 3 5 4 6 8
8 1 6 2 4 9 5 7 3
3 5 4 6 8 7 9 2 1
1 3 5 4 6 8 7 9 2
2 4 9 5 7 3 8 1 6
6 8 7 9 2 1 3 5 4
4 6 8 7 9 2 1 3 5
5 7 3 8 1 6 2 4 9
9 2 1 3 5 4 6 8 7
3
4 6 5 7 9 8 1 3 2
8 7 9 2 1 3 5 4 6
3 2 1 6 5 4 9 8 7
7 9 8 1 3 2 4 6 5
2 1 3 5 4 6 8 7 9
6 5 4 9 8 7 3 2 1
1 3 2 4 6 5 7 9 8
5 4 6 8 7 9 2 1 3
9 8 7 4 2 1 6 5 4
3
4 9 8 7 3 2 1 6 5
5 7 3 8 1 6 2 4 9
6 2 1 9 5 4 3 8 7
7 3 2 1 6 5 4 9 8
8 1 6 2 4 9 5 7 3
9 5 4 3 8 7 6 2 1
1 6 5 4 9 8 7 3 2
2 4 9 5 7 3 8 1 6
3 8 7 6 2 1 9 5 4
3
1 3 2 4 6 5 7 9 8
5 7 6 8 1 9 2 4 3
9 8 4 3 2 7 6 5 1
4 6 5 7 9 8 1 3 2
8 1 9 2 4 3 5 7 6
3 2 7 6 5 1 9 8 4
7 9 8 1 3 2 4 6 5
2 4 3 5 7 6 8 1 9
6 5 1 9 8 4 3 2 7
3
4 6 5 7 9 8 1 3 2
8 7 3 2 1 6 5 4 9
10 2 1 3 5 4 6 8 7
7 9 8 1 3 2 4 6 5
2 1 6 5 4 9 8 7 3
3 5 4 6 8 7 9 2 1
1 3 2 4 6 5 7 9 8
5 4 9 8 7 3 2 1 6
6 8 7 9 2 1 3 5 4
3
498 500 496 492 494 499 495 497 493
499 495 494 493 498 497 496 492 500
497 493 492 500 496 495 494 499 498
492 494 499 495 497 493 498 500 496
493 498 497 496 492 500 499 495 494
500 496 495 494 499 498 497 493 492
495 497 493 498 500 496 492 494 499
496 492 500 499 495 494 493 498 497
494 499 498 497 493 492 500 496 495
3
328 327 326 331 330 329 325 333 332
332 325 333 326 328 327 329 331 330
330 329 331 333 332 325 327 326 328
331 330 329 325 333 332 328 327 326
326 328 327 329 331 330 332 325 333
333 332 325 327 326 328 330 329 331
325 333 332 328 327 326 331 330 329
329 331 330 332 325 333 326 328 327
327 326 328 330 329 331 333 332 325
3
7 3 5 1 6 8 4 9 2
2 4 9 5 7 3 8 1 6
6 8 1 9 2 4 3 5 7
1 6 8 4 9 2 7 3 5
5 7 3 8 1 6 2 4 9
9 2 4 3 5 7 6 8 1
4 9 2 7 3 5 1 6 8
8 1 6 2 4 9 5 7 3
3 5 7 6 8 1 9 2 4
3
1 3 8 4 6 2 7 9 5
5 7 6 8 1 9 2 4 3
9 2 4 3 5 7 6 8 1
4 6 2 7 9 5 1 3 8
8 1 9 2 4 3 5 7 6
3 5 7 6 8 1 9 2 4
7 9 5 1 3 8 4 6 2
2 4 3 5 7 6 8 1 9
6 8 1 9 2 4 3 5 7
3
1 3 2 4 6 5 7 9 8
5 4 6 8 7 9 2 1 3
9 8 7 3 2 1 6 5 4
4 6 5 7 9 8 1 3 2
8 7 9 2 1 3 5 4 6
3 2 1 6 5 4 9 8 7
7 9 8 1 3 2 4 6 5
2 1 3 5 4 6 8 7 9
6 5 4 9 8 7 3 2 1
3
7 9 8 1 3 2 4 6 5
5 4 3 8 7 6 2 1 9
6 2 1 9 5 4 3 8 7
1 3 2 4 6 6 7 9 8
8 7 6 2 1 9 5 4 3
9 5 4 3 8 7 6 2 1
4 6 5 7 9 8 1 3 2
2 1 9 5 4 3 8 7 6
3 8 7 6 2 1 9 5 4
3
4 9 5 7 3 8 1 6 2
2 7 3 5 1 6 8 4 9
6 8 1 9 2 4 3 6 7
7 3 8 1 6 2 4 9 5
5 1 6 8 4 9 2 7 3
9 2 4 3 5 7 6 8 1
1 6 2 4 9 5 7 3 8
8 4 9 2 7 3 5 1 6
3 5 7 6 8 1 9 2 4
3
7 9 8 1 3 2 4 6 5
2 4 3 5 7 6 8 1 9
6 5 1 9 8 4 3 2 7
1 3 2 4 6 5 7 9 8
5 7 6 8 1 9 2 4 3
9 8 4 3 2 7 6 5 1
4 6 5 7 9 8 1 3 2
8 1 9 2 4 3 5 7 6
3 2 7 6 5 1 9 8 4
3
4 3 8 7 6 2 1 9 5
5 1 9 8 4 3 2 7 6
6 2 7 9 5 1 3 8 4
7 6 2 1 9 5 4 3 8
8 4 3 2 7 6 5 1 9
9 5 1 3 8 4 6 2 7
1 9 5 4 3 8 7 6 2
2 7 6 5 1 9 8 4 3
3 8 4 6 2 7 9 5 1
3
4 6 2 7 9 5 1 3 8
8 1 9 2 4 3 5 7 6
3 5 7 6 8 1 9 2 4
7 9 5 1 3 8 4 6 2
2 4 3 5 7 6 8 1 9
6 8 1 9 2 4 3 5 7
1 3 8 4 6 2 7 9 5
5 7 6 8 1 9 2 4 3
9 2 4 3 5 7 6 8 1
3
4 9 2 7 3 5 1 6 8
5 7 6 8 1 9 2 4 3
3 8 2 6 2 4 9 5 7
7 3 5 1 6 8 4 9 2
8 1 9 2 4 3 5 7 6
6 2 4 9 5 7 3 8 1
1 6 8 4 9 2 7 3 5
2 4 3 5 7 6 8 1 9
9 5 7 3 8 1 6 2 4
3
1 3 2 4 6 5 7 9 8
8 4 6 2 7 9 5 1 3
9 5 7 3 8 1 6 2 4
4 6 5 7 9 8 1 3 2
2 7 9 5 1 3 8 4 6
3 8 1 6 2 4 9 5 7
7 9 8 1 3 2 4 6 5
5 1 3 8 4 6 2 7 9
6 2 4 9 5 7 3 8 1
3
150 152 148 153 155 151 147 149 154
151 147 155 154 150 149 148 153 152
149 154 153 152 148 147 155 151 150
153 155 151 147 149 154 150 152 148
154 150 149 148 153 152 151 147 155
152 148 147 155 151 150 149 154 153
147 149 154 150 152 148 153 155 151
148 153 152 151 147 155 154 150 149
155 151 150 149 154 153 152 148 147
3
4 9 2 7 3 5 1 6 8
5 7 3 8 1 6 2 4 9
6 8 1 9 2 4 3 5 7
7 3 5 1 6 8 4 9 2
8 1 6 2 4 9 5 7 3
9 2 4 3 5 7 6 8 1
1 6 8 4 9 2 7 3 5
2 4 9 5 7 3 8 1 6
3 5 7 6 8 1 9 2 4
3
7 6 8 1 9 2 4 3 5
5 1 9 8 4 3 2 7 6
3 2 4 6 5 7 9 8 1
1 9 2 4 3 5 7 6 8
8 4 3 2 7 6 5 1 9
6 5 7 9 8 1 3 2 4
4 3 5 7 6 8 1 9 2
2 7 6 5 1 9 8 4 3
9 8 1 3 2 4 6 5 7
3
7 9 2 1 3 5 4 6 8
5 4 3 8 7 6 2 1 9
6 8 1 9 2 4 3 5 7
1 3 5 4 6 8 7 9 2
8 7 6 2 1 9 5 4 3
9 2 4 3 5 7 6 8 1
4 6 8 7 9 2 1 3 5
2 1 9 5 4 3 8 7 6
3 5 7 6 8 1 9 2 4
3
8 9 2 1 3 5 4 6 8
5 4 3 8 7 6 2 1 9
6 8 1 9 2 4 3 5 7
1 3 5 4 6 8 7 9 2
8 7 6 2 1 9 5 4 3
9 2 4 3 5 7 6 8 1
4 6 8 7 9 2 1 3 5
2 1 9 5 4 3 8 7 6
3 5 7 6 8 1 9 2 4
3
7 3 5 1 6 8 4 9 2
8 1 6 2 4 9 5 7 3
9 2 4 3 5 7 6 8 1
1 6 8 4 9 2 7 3 5
2 4 9 5 7 3 8 1 6
3 5 7 6 8 1 9 2 4
4 9 2 7 3 5 1 6 8
5 7 3 8 1 6 2 4 9
6 8 1 9 2 4 3 5 7
3
1 6 5 4 9 8 7 3 2
8 7 3 2 1 6 5 4 9
9 2 4 3 5 8 6 8 1
4 9 8 7 3 2 1 6 5
2 1 6 5 4 9 8 7 3
3 5 7 6 8 1 9 2 4
7 3 2 1 6 5 4 9 8
5 4 9 8 7 3 2 1 6
6 8 1 9 2 4 3 5 7
3
4 9 2 7 3 5 1 6 8
5 1 3 8 4 6 2 7 9
6 8 7 9 2 1 3 5 4
7 4 5 1 6 8 4 9 2
8 4 6 2 7 9 5 1 3
9 2 1 3 5 4 6 8 7
1 6 8 4 9 2 7 3 5
2 7 9 5 1 3 8 4 6
3 5 4 6 8 7 9 2 1
3
4 3 2 7 6 5 1 9 8
5 7 9 8 1 3 2 4 6
6 8 1 9 2 4 3 5 7
7 6 5 1 9 8 4 3 2
8 1 3 2 4 6 5 7 9
9 2 4 3 5 7 6 8 1
1 9 8 4 3 2 7 6 5
2 4 6 5 7 9 8 1 3
3 5 7 6 8 1 9 2 4
3
1 3 2 4 6 5 7 9 8
8 7 9 2 1 3 5 4 6
6 5 4 9 8 7 3 2 1
4 6 5 7 9 8 1 3 2
2 1 3 5 4 6 8 7 9
9 8 7 3 2 1 6 5 4
7 9 8 1 3 2 4 6 5
5 4 6 8 7 9 2 1 3
3 2 1 6 5 4 9 8 7
3
1 9 8 4 3 2 7 6 5
5 7 3 8 1 6 2 4 9
6 2 4 9 5 7 3 8 1
4 3 2 7 6 5 1 9 8
8 1 6 2 4 9 5 7 3
9 5 7 3 8 1 6 2 4
7 6 5 1 9 8 4 3 2
2 4 9 5 7 3 8 1 6
3 8 1 6 2 4 9 5 7
3
7 6 2 1 9 5 4 3 8
8 1 3 2 4 6 5 7 9
9 5 4 3 8 7 6 2 1
1 9 5 4 3 8 7 6 2
2 4 6 5 7 9 8 1 3
3 8 7 6 2 1 9 5 4
4 3 8 7 6 2 1 9 5
5 7 9 8 1 3 2 4 6
6 2 1 9 5 4 3 8 7
3
4 9 2 7 3 5 1 6 8
5 7 3 8 1 6 2 4 9
6 8 1 9 2 4 3 5 7
7 3 5 1 6 8 4 9 2
8 1 6 2 4 9 5 7 3
9 2 4 3 5 7 6 8 1
1 6 8 4 9 2 7 3 5
2 4 9 5 7 3 8 1 6
3 5 7 6 8 1 9 2 4
3
1 3 8 4 6 2 7 9 5
2 7 6 5 1 9 8 4 3
9 5 4 3 8 7 6 2 1
4 6 2 7 9 5 2 3 8
5 1 9 8 4 3 2 7 6
3 8 7 6 2 1 9 5 4
7 9 5 1 3 8 4 6 2
8 4 3 2 7 6 5 1 9
6 2 1 9 5 4 3 8 7
3
4 9 5 7 3 8 1 6 2
8 1 3 2 4 6 5 7 9
6 2 7 9 5 1 3 8 4
7 3 8 1 6 2 4 9 5
2 4 6 5 7 9 8 1 3
9 5 1 3 8 4 6 2 7
1 6 2 4 9 5 7 3 8
5 7 9 8 1 3 2 4 6
3 8 4 6 2 7 9 5 1
3
1 6 2 4 9 5 7 3 8
5 7 9 8 1 3 2 4 6
3 8 4 6 2 7 9 5 1
4 9 5 7 3 8 1 6 2
8 1 3 2 4 6 5 7 9
6 2 7 9 5 1 3 8 4
7 3 8 1 6 2 4 9 5
2 4 6 5 7 9 8 1 3
9 5 1 3 8 4 6 2 7
3
1 6 8 4 9 2 7 3 5
5 4 9 8 7 3 2 1 6
3 2 7 6 5 1 9 8 4
4 9 2 7 3 5 1 6 8
8 7 3 2 1 6 5 4 9
6 5 1 9 8 4 3 2 7
7 3 5 1 6 8 4 9 2
2 1 6 5 4 9 8 7 3
9 8 4 3 2 7 6 5 1
3
1 6 5 4 9 8 7 3 2
8 7 3 2 1 6 5 4 9
9 2 4 3 5 7 6 8 1
4 9 8 7 3 2 1 6 5
2 1 6 5 4 9 8 7 3
3 5 7 6 8 1 9 2 4
7 3 2 1 6 5 4 9 8
5 4 9 8 7 3 2 1 6
6 8 1 9 2 4 3 5 7
3
7 9 8 1 3 2 4 6 5
5 1 3 8 4 6 2 7 9
6 2 4 9 5 7 3 8 1
1 3 2 4 6 5 7 9 8
8 4 6 2 7 9 5 1 3
9 5 7 3 8 1 6 2 4
4 6 5 7 9 8 1 3 2
2 7 9 5 1 3 8 4 6
3 8 1 6 2 4 9 5 7
3
4 9 5 7 3 8 1 6 2
2 1 6 5 4 9 8 7 3
3 8 7 6 2 1 9 5 4
7 3 8 1 6 2 4 9 5
5 4 9 8 7 3 2 1 6
6 2 1 9 5 4 3 8 7
1 6 2 4 9 5 7 3 8
8 7 3 2 1 6 5 4 9
9 5 4 3 8 7 6 2 1
3
4 6 5 7 9 8 1 3 2
2 7 9 5 1 3 8 4 6
3 8 1 6 2 4 9 5 7
7 9 8 1 3 2 4 6 5
5 1 3 8 4 6 2 7 9
6 2 4 9 5 7 3 8 1
1 3 2 4 6 5 7 9 8
8 4 6 2 7 9 5 1 3
9 5 7 3 8 1 6 2 4
3
12 11 10 15 14 13 9 17 16
13 15 14 16 9 17 10 12 11
17 16 9 11 10 12 14 13 15
15 14 13 9 17 16 12 11 10
16 9 17 10 12 11 13 15 14
11 10 12 14 13 15 17 16 9
9 17 16 12 11 10 15 14 13
10 12 11 13 15 14 16 9 17
14 13 15 17 16 9 11 10 12
3
1 6 5 4 9 8 7 3 2
2 4 3 5 7 6 8 1 9
9 8 7 3 2 1 6 5 4
4 9 8 7 3 2 1 6 5
5 7 6 8 1 9 2 4 3
3 2 1 6 5 4 9 8 7
7 3 2 1 6 5 4 9 8
8 1 9 2 4 3 5 7 6
6 5 4 9 8 7 3 2 1
3
7 9 5 1 3 8 4 6 2
2 1 6 5 4 9 8 7 3
3 8 4 6 2 7 9 5 1
1 3 8 5 6 2 7 9 5
5 4 9 8 7 3 2 1 6
6 2 7 9 5 1 3 8 4
4 6 2 7 9 5 1 3 8
8 7 3 2 1 6 5 4 9
9 5 1 3 8 4 6 2 7
3
4 3 2 7 6 5 1 9 8
8 1 9 2 4 3 5 7 6
6 5 7 9 8 1 3 2 4
7 6 5 1 9 8 4 3 2
2 4 3 5 7 6 8 1 9
9 8 1 3 2 4 6 5 7
1 9 8 4 3 2 7 6 5
5 7 6 8 1 9 2 4 3
3 2 4 6 5 7 9 8 1
3
5 5 5 5 5 5 5 5 5
5 5 5 5 5 5 5 5 5
5 5 5 5 5 5 5 5 5
5 5 5 5 5 5 5 5 5
5 5 5 5 5 5 5 5 5
5 5 5 5 5 5 5 5 5
5 5 5 5 5 5 5 5 5
5 5 5 5 5 5 5 5 5
5 5 5 5 5 5 5 5 5
3
7 6 8 1 9 2 4 3 5
2 4 9 5 7 3 8 1 6
3 5 1 6 8 4 9 2 7
1 9 2 4 3 5 7 6 8
5 7 3 8 1 6 2 4 9
6 8 4 9 2 7 3 5 1
4 3 5 7 6 8 1 9 2
8 1 6 2 4 9 5 7 3
9 2 7 3 5 1 6 8 4
3
109 114 110 112 108 113 106 111 107
107 112 108 110 106 111 113 109 114
111 113 106 114 107 109 108 110 112
112 108 113 106 111 107 109 114 110
110 106 111 113 109 114 107 112 108
114 107 109 108 110 112 111 113 106
106 111 107 109 114 110 112 108 113
113 109 114 107 112 108 110 106 111
108 110 112 111 113 106 114 107 109
3
7 9 5 1 3 8 4 6 2
2 4 3 5 7 6 8 1 9
6 8 1 9 2 4 3 5 7
1 3 8 4 6 2 7 9 5
5 7 6 8 1 9 2 4 3
9 2 4 3 5 7 6 8 1
4 6 2 7 9 5 1 3 8
8 1 9 2 4 3 5 7 6
3 5 7 6 8 1 9 2 4
3
4 9 2 7 3 5 1 6 8
8 7 3 2 1 6 5 4 9
6 5 1 9 8 4 3 2 7
7 3 5 1 6 8 4 10 2
2 1 6 5 4 9 8 7 3
9 8 4 3 2 7 6 5 1
1 6 8 4 9 2 7 3 5
5 4 9 8 7 3 2 1 6
3 2 7 6 5 1 9 8 4
3
7 9 2 1 3 5 4 6 8
5 4 3 8 7 6 2 1 9
6 8 1 9 2 4 3 5 7
1 3 5 4 6 8 7 9 2
8 7 6 2 1 9 5 4 3
9 2 4 3 5 7 6 8 1
4 6 8 7 9 2 1 3 5
2 1 9 5 4 3 8 7 6
3 5 7 6 8 1 9 2 4
3
7 3 2 1 6 5 4 9 8
8 4 9 2 7 3 5 1 6
6 5 1 9 8 4 3 2 7
1 6 5 4 9 8 7 3 2
2 7 3 5 1 6 8 4 9
9 8 4 3 2 7 6 5 1
4 9 8 7 3 2 1 6 5
5 1 6 8 4 9 2 7 3
3 2 7 6 5 1 9 8 4
3
4 3 5 7 6 8 1 9 2
8 1 6 2 4 9 5 7 3
9 2 7 3 5 1 6 8 4
7 6 8 1 9 2 4 3 5
2 4 9 5 7 3 8 1 6
3 5 1 6 8 4 9 2 7
1 9 2 4 3 5 7 6 8
5 7 3 8 1 6 2 4 9
6 8 4 9 2 7 3 5 1
3
7 9 5 1 3 8 4 6 2
2 4 3 5 7 6 8 1 9
6 8 2 9 2 4 3 5 7
1 3 8 4 6 2 7 9 5
5 7 6 8 1 9 2 4 3
9 2 4 3 5 7 6 8 1
4 6 2 7 9 5 1 3 8
8 1 9 2 4 3 5 7 6
3 5 7 6 8 1 9 2 4
3
1 3 8 4 6 2 7 9 5
2 4 6 5 7 9 8 1 3
9 5 7 3 8 1 6 2 4
4 6 2 7 9 5 1 3 8
5 7 9 8 1 3 2 4 6
3 8 1 6 2 4 9 5 7
7 9 5 1 3 8 4 6 2
8 1 3 2 4 6 5 7 9
6 2 4 9 5 7 3 8 1
3
206 208 210 209 211 213 212 214 207
207 209 211 210 212 214 213 206 208
214 213 212 208 207 206 211 210 209
209 211 213 212 214 207 206 208 210
210 212 214 213 206 208 207 209 211
208 207 206 211 210 209 214 213 212
212 214 207 206 208 210 209 211 213
213 206 208 207 209 211 210 212 214
211 210 209 214 213 212 208 207 206
3
1 3 5 4 6 8 7 9 2
2 4 9 5 7 3 8 1 6
6 8 7 9 2 1 3 5 4
4 6 8 7 9 2 1 3 5
5 7 3 8 1 6 2 4 9
9 2 1 3 5 4 6 8 7
7 9 2 1 3 5 4 6 8
8 1 6 2 4 9 5 7 3
3 5 4 6 8 7 10 2 1
3
7 3 2 1 6 5 4 9 8
8 4 6 2 7 9 5 1 3
9 5 1 3 8 4 6 2 7
1 6 5 4 9 8 7 3 2
3 7 9 5 1 3 8 4 6
3 8 4 6 2 7 9 5 1
4 9 8 7 3 2 1 6 5
5 1 3 8 4 6 2 7 9
6 2 7 9 5 1 3 8 4
3
4 6 2 7 9 5 1 3 8
8 7 3 2 1 6 5 4 9
9 5 1 3 8 4 6 2 7
7 9 5 1 3 8 4 6 2
2 1 6 5 4 9 8 7 3
3 8 4 6 2 7 9 5 1
1 3 8 4 6 2 7 9 5
5 4 9 8 7 3 2 1 6
6 2 7 9 5 1 3 8 4
3
5 5 5 5 5 5 5 5 5
5 5 5 5 5 5 5 5 5
5 5 5 5 5 5 5 5 5
5 5 5 5 5 5 5 5 5
5 5 5 5 5 5 5 5 5
5 5 5 5 5 5 5 5 5
5 5 5 5 5 5 5 5 5
5 5 5 5 5 5 5 5 5
5 5 5 5 5 5 5 5 5
3
1 6 2 4 9 5 7 3 8
8 4 3 2 7 6 5 1 9
9 5 7 3 8 1 6 2 4
4 9 5 7 3 8 1 6 2
2 7 6 5 1 9 8 4 3
3 9 1 6 2 4 9 5 7
7 3 8 1 6 2 4 9 5
5 1 9 8 4 3 2 7 6
6 2 4 9 5 7 3 8 1
3
4 3 5 7 6 8 1 9 2
2 1 9 5 4 3 8 7 6
6 8 7 9 2 1 3 5 4
7 6 8 1 9 2 4 3 5
5 4 3 8 7 6 2 1 9
9 2 1 3 5 4 6 8 7
1 9 2 4 3 5 7 6 8
8 7 6 2 1 9 5 4 3
3 5 4 6 8 7 9 2 1
