100
2 53064900709 29257594206
1 17104199968995492504
2 58159630894 32452355853
2 461719671131 164254474076
1 7035710288266368923
1 13555518739436245293
2 440802009871 609819111555
2 45119398925 118790193083
2 32565784307 87802245827
2 25920193984 18326875845
1 8046656704193894248
1 8533059725683977479
1 11985072098831045938
1 17886469684965442897
2 13526151000 21766646009
1 13579347280003757703
1 314227395712619322
1 3148513049651662228
1 17638959859169171842
2 2832707494 15232137185
1 3679215528207786769
2 654614087 799331547
2 209596665792 129538763767
2 40929906554 70808071261
1 3584558981226193943
1 4461676700575665981
1 13090751661450100125
1 13630410003821068652
1 17032137947517123299
2 66310747207 247303145232
2 26875075912 11047534733
2 74653911499 44075518055
2 77670077783 21464155199
1 15197313590593446133
1 9030151182484213739
2 182390324807 79214273088
2 28856370511 4585150592
1 1293269081986379219
2 99709008631 62059014887
1 13366748580920469190
1 10100994948531691412
1 9939220170708856245
2 6516958501 22119837985
2 368274421702 995450140155
2 7493980479 8696470565
1 14175477156689143457
2 42055718560 54534753643
1 10442096487032678628
1 11641598021336222073
1 14372701063880647474
2 33597794837 24399122968
2 24357024673 21083971542
2 199194314788 89351229935
2 56083847683 24345984294
2 81912364456 210272648191
2 193268488966 119420712101
1 15984211683518399886
2 7426672932 11730944605
2 225932398199 391147679105
2 84733814197 52007634089
1 17287318802676073180
2 523613896693 324430624589
1 11893975110981261230
2 41339710273 15980609864
1 7239762031095748532
1 3157608863000675934
1 3605171315023722320
1 1430293071830225977
1 16307200975354887034
1 17946542286079148068
1 385748053442405636
2 44607916001 30637779721
2 28046403377 53080744324
1 5569273922937795699
2 22242428424 32018393983
2 1132903082898 345777876913
1 6798987131403532190
2 125313288463 37362975554
2 4091491819 17122586600
1 16145562048440393361
1 8200523027073474653
1 7653707349666610789
2 318603635104 196828200443
2 128822507699 81516037786
2 14014944085 3267606084
2 22686758356 58153218827
2 311701290543 537140339815
2 13493707587 46378212580
1 14653616637006000428
1 17008809321065833668
2 37512409732 98054834261
2 9334155008 2474746677
2 8077947088 13041852409
2 65915925265 103882142341
1 5209025619331529302
1 13630290749918023853
2 46255510679 119743880691
2 76814532083 24125403544
2 3838526991 8878897181
1 3924388425770959207
