10
1
0 0 30 30
1
0 0 29 29
4
0 1 0 49
0 -49 0 -1
-49 0 -1 0
1 0 49 0
100
-72 201 -72 201
973 -340 973 -340
-7 -876 -7 -876
538 -484 538 -484
-981 355 -981 355
644 596 644 596
-988 -705 -988 -705
43 -853 43 -853
-700 807 -700 807
309 -192 309 -192
-645 313 -645 313
-716 -789 -716 -789
752 -977 752 -977
-270 712 -270 712
-297 420 -297 420
233 161 233 161
-323 648 -323 648
122 160 122 160
-726 111 -726 111
743 -482 743 -482
544 -598 544 -598
226 -487 226 -487
-551 8 -551 8
396 291 396 291
-831 -564 -831 -564
401 604 401 604
701 447 701 447
0 -473 0 -473
86 -184 86 -184
-157 -794 -157 -794
36 479 36 479
-23 488 -23 488
0 -889 0 -889
-274 809 -274 809
122 26 122 26
416 850 416 850
663 2 663 2
135 -263 135 -263
-76 -566 -76 -566
-423 -64 -423 -64
-97 440 -97 440
865 45 865 45
415 -342 415 -342
424 818 424 818
-698 -217 -698 -217
-205 80 -205 80
126 -937 126 -937
287 273 287 273
200 818 200 818
685 307 685 307
-33 323 -33 323
645 -440 645 -440
685 659 685 659
-143 68 -143 68
-827 -411 -827 -411
385 87 385 87
-433 -801 -433 -801
113 -540 113 -540
359 -390 359 -390
662 716 662 716
-522 -113 -522 -113
-168 -604 -168 -604
942 737 942 737
737 -140 737 -140
595 301 595 301
-773 -836 -773 -836
-416 511 -416 511
-292 -632 -292 -632
-121 -944 -121 -944
348 -851 348 -851
646 -943 646 -943
225 610 225 610
199 -241 199 -241
-848 4 -848 4
-951 -418 -951 -418
-629 219 -629 219
999 -344 999 -344
878 -163 878 -163
493 696 493 696
-379 -78 -379 -78
-323 -639 -323 -639
797 684 797 684
-769 739 -769 739
-2 306 -2 306
-801 -131 -801 -131
-101 532 -101 532
-923 -91 -923 -91
-878 -123 -878 -123
314 566 314 566
-69 333 -69 333
813 966 813 966
-21 529 -21 529
292 966 292 966
251 718 251 718
469 -74 469 -74
852 290 852 290
845 -197 845 -197
-320 -513 -320 -513
836 -565 836 -565
396 -671 396 -671
44
821 92 822 94
-100 688 -97 691
-453 -509 -450 -506
120 -510 122 -508
539 564 541 567
-86 -691 -83 -688
290 -721 293 -721
-19 934 -16 936
730 -813 733 -811
-80 -109 -78 -109
-800 -373 -797 -372
930 880 933 883
-40 -625 -38 -624
113 -295 114 -293
-680 404 -678 406
-143 -991 -143 -990
-556 957 -554 960
-911 -164 -910 -163
600 766 601 769
167 -924 167 -921
-783 -351 -781 -351
-868 -799 -868 -796
708 295 709 299
65 -588 68 -588
411 -251 415 -250
-755 -563 -753 -559
-859 -745 -856 -744
-402 215 -401 215
897 -153 897 -153
-412 530 -411 532
281 94 283 97
395 -694 398 -690
445 81 448 83
960 278 960 279
915 -579 920 -578
-256 -575 -255 -575
334 -208 335 -203
-640 -135 -635 -128
-474 14 -469 16
-293 934 -288 940
-276 -689 -268 -686
563 -602 572 -597
856 -255 860 -247
-541 483 -536 491
40
661 682 661 682
-675 828 -674 829
-693 -411 -693 -410
402 6 404 8
-109 520 -107 520
-280 -543 -279 -542
508 565 510 567
-116 -737 -114 -737
754 -694 755 -694
-328 -83 -328 -82
-642 296 -642 296
-137 -286 -135 -284
-541 437 -538 438
435 767 435 770
-518 -191 -515 -188
917 593 919 593
-932 -115 -931 -113
22 -598 23 -596
529 790 531 790
-764 105 -764 106
870 514 870 517
488 177 491 177
-291 102 -288 104
-987 9 -985 12
691 -879 694 -876
528 142 531 142
-128 -264 -125 -260
-641 -445 -637 -443
-255 412 -255 412
-630 -716 -628 -716
-949 -204 -948 -200
-409 -719 -409 -718
709 577 711 580
-806 636 -804 637
-250 -834 -246 -831
-184 -610 -182 -608
155 836 158 841
-187 -905 -186 -905
-160 -722 -153 -722
51 11 66 16
100
41 -388 42 -386
268 329 269 331
-423 376 -421 378
787 -739 788 -738
-990 -41 -989 -40
-329 211 -327 212
-300 -995 -299 -994
-661 -915 -660 -914
-458 1 -457 3
-222 608 -220 610
-522 793 -520 794
-560 872 -558 874
-605 52 -604 54
-363 -456 -362 -455
962 -106 963 -104
-332 -140 -330 -139
723 340 724 342
814 -50 816 -49
-388 687 -386 689
-640 725 -638 727
906 -412 908 -411
540 -133 542 -131
-706 -727 -705 -726
448 -321 450 -320
-823 -783 -821 -781
481 -723 483 -722
154 -224 155 -222
301 -79 303 -77
292 299 294 300
79 -661 81 -659
-263 846 -261 847
190 649 192 650
-193 -911 -191 -910
-267 57 -265 58
183 798 185 800
595 -923 597 -921
-395 58 -393 60
-457 138 -455 140
342 168 343 169
352 873 353 874
-384 912 -382 913
-578 -75 -576 -73
869 395 871 397
256 -689 258 -687
200 576 202 578
794 496 796 498
-5 984 -3 986
303 -480 305 -478
109 816 111 818
242 -533 244 -531
503 -436 505 -434
731 -102 733 -100
419 252 421 254
-494 494 -492 496
-573 -320 -571 -318
84 -913 86 -911
780 -21 782 -19
269 415 271 417
535 259 537 261
733 -775 735 -773
911 -25 913 -23
-760 761 -758 763
-567 -404 -565 -402
-4 -347 -2 -345
-957 185 -955 187
-544 6 -542 8
-556 -809 -554 -807
-884 494 -882 496
822 177 824 179
-577 -669 -575 -667
-718 -723 -716 -721
-450 971 -448 973
-627 -37 -624 -34
249 -313 250 -311
901 -464 902 -463
-265 381 -262 383
80 195 81 196
-130 -457 -127 -455
-806 146 -803 149
646 -648 648 -645
401 528 402 531
-472 -762 -470 -761
-155 -898 -153 -896
974 945 975 946
-652 -268 -651 -266
-579 -162 -577 -160
491 -810 493 -807
597 -906 600 -904
-555 -815 -554 -811
210 -945 212 -942
-2 -790 0 -787
-990 730 -987 731
595 -935 598 -931
562 -453 565 -450
41 801 45 803
538 509 542 511
383 -630 384 -625
-222 200 -221 203
-651 -177 -644 -176
224 -531 233 -526
100
15 622 17 624
598 -540 599 -539
97 -829 99 -828
-35 -922 -33 -920
44 442 45 443
-232 34 -231 36
-751 -601 -750 -600
313 -130 315 -129
-471 250 -470 252
-754 241 -753 242
9 611 11 613
721 -729 723 -728
-437 -852 -436 -851
-627 -391 -626 -389
97 -966 99 -964
102 -207 103 -206
-785 487 -783 488
575 -304 576 -303
942 27 944 28
-712 -627 -710 -626
-39 95 -37 97
421 -320 422 -319
-924 -198 -923 -196
-667 -47 -666 -45
936 409 938 410
-803 15 -802 16
574 -396 575 -394
-325 321 -323 323
64 -547 66 -546
-208 770 -207 772
-857 818 -856 819
924 887 926 889
-478 157 -477 159
60 -654 61 -653
-598 738 -596 740
828 -519 830 -517
-55 365 -53 367
867 -267 869 -265
897 991 899 993
-846 191 -844 193
254 -458 256 -456
980 103 982 105
811 -103 813 -101
-614 -298 -612 -296
-477 -93 -475 -91
-808 35 -806 37
-404 -869 -402 -867
944 741 946 743
-605 478 -603 480
546 -981 548 -979
566 6 568 8
172 288 174 290
708 942 710 944
-605 -862 -603 -860
-258 354 -256 356
-149 -249 -147 -247
61 -10 63 -8
31 386 33 388
196 933 198 935
416 -549 418 -547
-977 400 -975 402
-134 319 -132 321
-854 623 -852 625
207 -460 209 -458
-1 971 1 973
-10 -752 -8 -750
105 879 107 881
44 691 46 693
765 528 767 530
-715 -797 -713 -795
-487 289 -485 291
-873 -246 -870 -244
601 870 603 872
427 261 429 264
705 -531 708 -528
-979 210 -976 211
-255 733 -252 736
-729 453 -726 456
-231 -155 -230 -153
-875 -814 -874 -812
-758 -927 -757 -924
-992 139 -990 140
-96 -811 -94 -808
653 114 655 117
182 537 185 539
-590 905 -588 906
692 768 694 771
-692 -271 -690 -269
504 -353 507 -351
-605 -787 -602 -784
-473 359 -470 360
-913 837 -910 838
-222 200 -218 204
-651 -131 -651 -129
-290 237 -290 237
-107 -835 -104 -833
-513 373 -512 373
-785 244 -785 250
884 620 886 624
-635 950 -627 955
100
524 213 526 215
325 600 326 601
632 527 633 529
440 499 441 500
733 508 735 509
419 -870 420 -869
-588 983 -587 985
-440 725 -438 727
-599 -418 -597 -417
98 -466 99 -465
-426 -829 -424 -827
242 -41 243 -39
-156 266 -155 268
-626 893 -625 894
-335 382 -334 384
-343 438 -342 439
158 385 159 387
20 -404 21 -403
389 -650 390 -649
-738 -997 -736 -995
375 -626 376 -625
-414 -731 -412 -730
809 -169 810 -168
-852 81 -851 82
405 121 406 122
734 85 736 87
-539 168 -537 169
-891 -976 -889 -974
358 -874 360 -872
198 387 199 389
-295 -952 -294 -950
195 117 196 119
848 -979 850 -977
66 -79 68 -78
-304 314 -302 316
139 -661 141 -659
429 584 431 586
-848 -191 -846 -189
-150 712 -148 714
-815 -67 -813 -65
-610 903 -608 905
767 -363 769 -361
-522 142 -520 144
627 15 629 17
-147 -216 -145 -214
-986 585 -984 587
34 -777 36 -775
-202 -150 -200 -148
201 734 203 736
-493 345 -491 347
847 -507 849 -505
-965 -959 -963 -957
496 978 498 980
-129 -263 -127 -261
744 -162 746 -160
-507 895 -505 897
528 -89 530 -87
-456 134 -454 136
-740 -257 -738 -255
573 -805 575 -803
-818 546 -816 548
149 -201 151 -199
339 -765 341 -763
402 -492 404 -490
-760 41 -758 43
660 79 662 81
989 27 991 29
890 -537 892 -535
556 12 558 14
-973 337 -971 339
-611 -7 -609 -5
933 622 935 624
344 331 346 334
-517 -136 -515 -135
-96 -842 -93 -840
-819 805 -818 808
-69 921 -67 924
-602 202 -599 205
619 129 620 132
-323 -295 -322 -294
-587 -942 -585 -939
-330 -64 -329 -62
170 -4 171 -1
-643 -931 -640 -930
-293 774 -292 777
589 -565 592 -562
189 -35 192 -34
835 -1000 838 -998
455 157 457 160
-196 541 -192 544
529 415 530 418
765 259 768 260
499 757 502 759
30 563 31 565
653 92 656 96
-44 503 -41 503
365 -170 370 -168
-253 400 -250 400
86 661 90 669
-944 -237 -934 -231
100
393 443 395 445
-329 837 -328 839
-520 -980 -519 -979
727 670 729 672
-556 346 -555 348
-676 256 -675 257
-510 445 -508 446
-51 127 -49 128
170 457 172 458
338 151 339 152
82 -580 83 -578
212 48 214 49
-704 -595 -703 -594
779 -334 781 -332
-260 -514 -259 -512
-517 560 -516 562
-713 -716 -712 -715
-370 -412 -368 -410
-922 977 -921 978
226 -930 227 -928
911 -509 912 -507
-800 -619 -798 -617
391 551 392 553
-508 715 -506 717
-998 58 -996 59
612 91 614 93
-851 -735 -849 -734
-270 -969 -269 -967
196 118 197 120
982 -410 984 -409
-607 441 -606 443
-244 -988 -243 -987
-84 73 -83 75
-112 625 -111 627
-402 235 -401 236
-528 -528 -526 -526
174 934 176 936
-382 968 -380 970
-691 260 -689 262
-318 342 -316 344
85 261 87 263
-570 -527 -568 -525
-798 -556 -796 -554
-190 -646 -188 -644
-902 -412 -900 -410
301 276 303 278
-813 940 -811 942
638 -284 640 -282
697 -124 699 -122
-104 -482 -102 -480
96 245 98 247
426 443 428 445
-899 654 -897 656
-636 903 -634 905
138 832 140 834
14 -605 16 -603
394 -161 396 -159
598 -946 600 -944
-955 -840 -953 -838
451 -53 453 -51
782 617 784 619
-437 -355 -435 -353
244 -37 246 -35
-280 369 -278 371
74 -7 76 -5
319 120 321 122
-678 -982 -676 -980
458 954 460 956
912 -245 914 -243
922 -911 924 -909
-105 -453 -103 -451
-972 -286 -970 -284
-627 499 -625 502
246 457 247 459
-231 562 -229 564
389 144 392 147
-867 -126 -866 -125
-623 121 -621 123
-767 922 -764 924
140 -306 142 -304
277 -890 278 -888
-499 -210 -496 -208
-193 893 -191 896
-330 -706 -329 -705
-878 -837 -876 -834
848 482 851 483
177 -386 179 -383
-421 -174 -419 -173
-542 -385 -539 -381
-496 -243 -495 -239
-255 166 -252 168
354 555 356 558
-952 -626 -949 -622
-774 -599 -772 -597
730 549 732 554
993 -832 996 -827
48 -263 49 -262
-199 564 -193 568
-107 -640 -105 -640
-501 102 -491 108
