30
1
1
2
2 1
3
1 2 3
5
1 2 3 4 5
5
5 2 3 4 1
314
994 -985 994 -975 980 -955 -941 -917 -903 -899 974 -897 942 -879 -879 924 910 908 -861 898 894 -861 -853 894 -847 892 -841 -815 882 -763 880 -743 -691 -665 862 -647 -625 862 860 -623 -617 -587 -583 -559 832 -559 -553 -515 806 -515 798 -511 792 786 778 -509 -507 -501 -497 768 -497 762 -457 -421 -417 756 -411 714 702 684 680 -385 678 650 -383 642 616 -375 -375 -353 -327 586 -323 574 574 -319 560 -309 -307 -303 -283 548 -281 -247 -231 -221 -189 546 -147 522 -143 -139 -133 -43 506 -35 -25 498 -21 -21 -21 23 65 452 81 89 105 115 434 416 121 410 123 408 396 143 143 155 378 185 197 237 247 253 259 378 261 273 362 279 358 358 287 297 308 298 319 319 325 333 290 286 343 343 347 355 357 381 270 385 258 397 252 242 399 405 407 433 242 453 473 481 238 495 495 503 537 537 212 541 208 200 569 577 194 611 184 627 631 182 182 637 639 140 661 138 132 699 731 741 114 747 106 753 763 98 767 98 779 807 815 96 817 84 833 837 845 889 74 899 903 50 44 26 923 953 26 959 0 967 0 975 -14 -14 -24 977 987 993 -42 -46 -58 -92 -150 -178 -182 -184 -194 -206 -234 -240 -248 -254 -264 -274 -284 -288 -292 -316 -318 -324 -328 -328 -330 -358 -358 -360 -364 -376 -390 -410 -414 -420 -460 -462 -476 -534 -540 -548 -558 -568 -586 -594 -594 -614 -616 -618 -628 -638 -642 -644 -670 -680 -682 -686 -714 -718 -734 -742 -756 -768 -770 -790 -814 -824 -834 -882 -882 -926 -938 -944 -946 -990 -990 -998
797
-999 -997 -989 -987 996 -977 -973 994 988 986 -973 -971 -967 980 -963 980 -959 -957 -955 -955 -953 -945 -935 -931 -931 -929 -917 -913 -913 -909 970 -895 -889 962 958 956 -889 952 952 -885 950 -885 950 -869 -863 -861 -857 -851 -851 -847 -829 -813 -811 -809 948 -803 -799 948 -793 946 946 -791 -787 -783 946 -779 -777 -767 938 -763 936 932 924 -757 -757 924 920 -749 -745 -737 918 914 -737 898 896 -737 890 -725 -725 -723 -723 -719 884 -713 -711 -709 -707 -701 -701 -695 882 -693 878 -679 -673 -671 -665 -663 -661 -649 -641 860 858 -625 -621 -619 -615 -611 -607 -607 858 858 -601 -595 858 -593 -585 858 -585 850 -563 -559 846 -559 846 -539 -529 -519 846 -517 836 -517 830 -517 -511 828 828 -509 -507 816 816 814 -505 -501 806 804 -501 794 784 -499 780 770 770 -495 -489 762 -475 -471 -467 -455 754 754 -455 746 -455 -447 744 728 -445 -437 726 726 -425 -413 -401 724 -387 -385 720 -385 714 700 -375 -373 688 -365 682 -363 -357 -357 -351 -343 -341 678 -339 674 -327 -327 672 -327 -323 -317 672 -309 -305 660 -303 -301 -301 -289 -279 -275 650 -269 -267 -265 -259 -257 -257 648 -247 -245 636 -245 -243 -241 -241 -239 636 630 -233 -231 -229 630 -219 -219 -215 628 -207 616 -201 616 -177 604 -177 602 -173 -167 -165 -155 -145 596 580 -143 568 566 562 -141 -135 562 560 560 -125 -123 550 -115 548 -103 -103 544 -101 -97 538 512 -77 506 490 490 486 -77 -63 -63 474 462 452 448 448 -61 446 -55 -55 444 -33 -33 -19 442 -17 -15 -5 -1 9 440 9 434 11 23 37 430 47 424 420 408 51 55 406 400 65 73 73 77 81 87 91 390 95 95 374 99 105 111 111 111 117 364 117 364 356 119 119 125 135 350 135 137 147 147 147 165 169 171 177 181 181 187 344 189 195 199 328 318 203 211 314 219 312 310 308 308 298 231 294 286 284 231 231 253 282 257 259 259 261 271 273 275 275 275 274 266 279 260 289 258 291 258 234 224 293 297 224 297 297 220 212 297 311 206 311 204 313 200 315 315 319 321 337 198 337 339 341 341 196 194 194 349 349 349 190 351 357 182 363 363 174 172 365 375 172 385 399 399 399 399 403 429 449 455 168 168 160 457 154 154 459 485 148 495 495 499 140 505 505 505 507 517 521 521 533 138 539 539 539 134 543 545 553 557 565 565 567 112 579 581 104 583 609 609 104 104 619 98 98 92 623 88 629 631 88 633 86 84 637 84 643 84 657 661 675 677 677 683 691 693 693 697 703 707 711 80 78 715 78 725 729 70 66 731 737 739 743 745 747 749 751 765 56 54 769 54 777 791 26 791 793 803 807 4 817 817 819 819 831 2 2 0 0 841 849 857 0 0 0 861 861 0 0 0 865 869 -4 869 879 883 899 899 903 -8 905 -42 905 909 -44 -78 913 921 925 939 941 -84 943 -86 -96 -108 -126 945 949 -134 955 -140 963 -142 975 975 977 -154 979 991 995 -154 -154 -156 -168 -168 -168 -182 -184 -196 -196 -198 -208 -212 -214 -224 -224 -226 -230 -234 -244 -262 -266 -268 -268 -268 -270 -270 -274 -276 -278 -280 -280 -286 -286 -286 -286 -288 -294 -306 -312 -330 -332 -334 -334 -336 -340 -346 -352 -358 -358 -360 -364 -364 -372 -376 -380 -380 -384 -392 -396 -404 -412 -412 -416 -418 -418 -420 -420 -434 -434 -434 -440 -444 -456 -462 -464 -478 -488 -496 -496 -498 -508 -512 -516 -520 -540 -544 -546 -558 -558 -566 -572 -572 -572 -572 -578 -578 -588 -588 -590 -590 -592 -594 -600 -606 -610 -614 -616 -620 -624 -628 -638 -640 -642 -644 -644 -644 -644 -646 -658 -658 -672 -682 -708 -716 -716 -718 -720 -728 -728 -730 -738 -746 -748 -752 -760 -762 -766 -772 -780 -782 -792 -794 -798 -798 -798 -806 -812 -812 -818 -822 -822 -826 -832 -832 -834 -836 -852 -858 -862 -872 -876 -882 -896 -896 -902 -902 -908 -916 -920 -930 -930 -932 -938 -940 -946 -954 -980 -990 -994
287
-981 -979 -973 -973 -949 994 984 978 -917 -915 -913 -885 966 -875 -875 924 -825 -819 924 -803 912 -787 912 902 -779 888 -777 -771 -763 -715 -709 886 -709 868 -693 858 854 854 848 -689 844 -679 -671 840 -649 -627 -611 -595 840 -591 814 -559 -531 792 -529 -517 -471 -469 -455 786 782 -447 758 -441 758 -431 -429 738 -429 -401 726 -399 -351 -343 682 666 -341 642 638 630 -335 612 -317 612 -275 582 -257 -247 -237 -231 -189 -175 -167 -143 -133 -99 -97 -91 -55 -49 -13 -13 39 63 574 67 79 109 548 548 121 135 143 538 167 179 195 195 520 199 221 496 243 249 476 275 474 440 410 281 289 305 404 348 315 306 300 327 329 331 349 286 357 357 395 274 403 403 264 230 425 204 437 200 455 455 196 182 168 166 485 148 507 539 545 140 549 581 587 597 601 126 601 110 84 609 80 611 611 623 687 747 759 78 789 793 801 827 835 74 44 847 857 6 863 885 909 913 0 931 0 935 945 959 0 959 963 971 -12 973 -28 975 -44 -46 -50 -56 -64 -66 -70 -70 -70 -80 -84 -98 -156 -176 -178 -184 -208 -208 -210 -230 -242 -248 -266 -272 -276 -288 -298 -318 -322 -332 -338 -338 -352 -364 -416 -452 -480 -514 -534 -546 -546 -560 -564 -578 -630 -632 -660 -704 -704 -706 -708 -718 -736 -748 -780 -824 -838 -852 -854 -856 -884 -884 -892 -894 -902 -914 -924 -938 -940 -950 -956 -962 -966 -984 -994
380
-997 -987 -985 994 962 -967 -949 -945 960 -935 910 -923 -919 902 -915 896 -903 -903 -901 882 -893 -893 882 -885 880 876 868 -875 856 856 -861 854 -847 -825 -817 846 -803 838 -797 838 836 -797 -795 -791 828 -781 -781 -775 -763 812 -745 -737 -727 -721 -705 -699 804 -693 -683 -681 -655 -629 798 796 -611 -569 -567 -561 -553 792 -539 -539 784 -527 784 -527 -509 -505 770 768 -485 -481 764 -477 -465 760 756 -455 -451 -437 -431 -421 -359 -321 -319 754 -301 752 746 -287 -273 -247 730 -207 -189 -189 728 -165 728 728 -159 714 702 654 -157 644 -155 622 -143 -125 620 -121 -119 598 592 -119 -105 -85 -81 -73 576 -55 -39 -33 -33 572 570 -19 -15 -11 546 -5 3 528 526 21 35 518 506 43 47 462 55 63 65 77 105 107 424 406 392 111 113 117 392 392 151 392 151 175 195 195 380 376 209 225 229 231 231 237 245 255 281 287 376 287 364 356 291 342 291 322 299 308 301 313 304 294 272 335 343 351 373 395 401 403 407 409 413 268 429 429 441 455 455 262 467 475 262 475 481 252 545 559 561 581 581 605 615 629 244 633 238 653 236 655 679 198 693 182 182 166 693 699 707 164 154 154 729 136 128 122 737 767 112 773 803 819 843 847 871 889 895 895 897 907 907 911 915 949 955 74 957 959 963 50 967 48 22 967 22 2 -16 -18 -32 -44 -70 -84 -108 -122 -130 -138 -142 -154 -154 -156 -166 -182 -184 -190 -196 -198 -216 -220 -240 -268 -274 -280 -286 -308 -320 -326 -354 -358 -368 -384 -390 -390 -394 -408 -410 -416 -422 -430 -448 -448 -450 -470 -474 -474 -492 -492 -498 -504 -528 -534 -546 -600 -616 -624 -638 -642 -658 -660 -664 -674 -726 -748 -756 -760 -762 -764 -786 -790 -806 -806 -828 -838 -840 -848 -858 -858 -862 -868 -868 -876 -882 -894 -910 -938 -950 -964 -968 -968 -970 -970 -980 -988 -994 -1000
801
-995 -981 -971 994 992 -959 990 -957 -949 -947 -943 -941 988 980 -935 -935 -935 974 970 -929 966 964 962 960 -925 -923 -917 -905 952 -903 -903 -889 -889 -875 942 -875 -875 942 -873 -863 -861 -853 928 -837 924 -827 924 920 -825 -823 -823 -821 -819 916 -819 -817 916 -807 912 -805 -805 -803 -801 -797 912 -791 -791 -773 -769 -767 -759 -743 910 906 -743 -729 902 888 886 884 874 -729 -717 -715 870 868 -715 -713 -711 860 -705 858 -671 -669 -665 -663 -659 -655 -647 858 858 854 846 844 -647 -641 -633 840 -625 -623 840 832 -615 828 826 822 822 810 -609 810 796 -609 -609 -595 780 -591 -587 -585 -585 778 -565 -559 -559 778 778 776 -553 -547 -539 -537 770 -535 760 -535 754 -527 -523 -521 752 746 -517 -517 -517 740 -513 740 -513 736 732 -511 -497 -497 728 728 -487 726 -481 -481 -479 710 -477 -473 708 -471 -469 704 -469 -467 -463 -459 -457 -455 -453 -447 -445 -435 -429 704 -429 -423 -423 696 684 682 -417 -413 -413 -407 -405 -405 -403 -397 676 -391 676 676 -389 672 660 -385 654 -385 -383 642 -377 640 -375 638 638 -367 -367 638 -363 634 630 -355 -351 -349 -345 624 -343 -341 586 -339 -331 576 -307 -307 -303 574 -301 572 -299 -291 -289 566 -287 -285 -283 560 -273 -247 550 548 -247 -243 -231 -223 546 -223 -223 546 -223 -221 546 544 -221 542 528 518 -221 -217 -217 -211 -209 -205 518 -203 -203 514 -195 510 510 506 504 -195 -193 -181 492 -175 -169 490 -167 -147 -143 -141 -137 -133 -131 -123 -105 488 -97 484 -91 -87 484 -81 -79 -77 -75 -75 -65 -63 472 -61 468 -35 468 462 -35 -13 -9 -1 7 462 458 13 19 452 27 444 29 29 434 31 33 43 428 63 63 85 91 95 99 101 103 428 105 426 418 111 111 117 416 119 410 121 127 129 410 133 135 143 143 404 396 147 392 384 153 155 378 161 165 169 378 179 376 364 358 352 179 348 181 340 326 308 181 189 286 193 286 197 203 203 209 209 217 221 231 231 233 286 237 247 286 247 286 251 255 267 269 284 271 273 278 277 260 260 258 287 254 254 287 293 250 297 297 250 297 240 299 238 238 228 307 307 226 222 216 212 196 317 317 196 317 321 178 331 176 335 174 170 166 343 343 351 160 363 377 385 387 160 156 399 417 425 156 425 154 427 427 152 429 144 140 433 134 451 126 455 461 469 114 469 477 481 495 507 511 98 96 88 78 515 76 519 74 64 523 525 525 62 58 533 537 56 539 551 561 577 583 583 585 593 52 52 595 595 613 623 637 50 641 641 653 659 44 659 34 663 665 671 26 26 26 671 673 18 6 673 673 675 0 0 677 679 679 0 681 681 683 0 685 0 687 687 0 -12 693 -12 -14 693 -16 715 715 717 -22 725 -24 725 -44 741 -46 743 749 -56 -58 753 -60 753 761 763 -66 -68 777 779 789 791 803 -72 -84 803 803 -84 803 805 807 -96 811 817 -98 -98 -110 819 -110 819 -112 825 831 841 845 -120 847 851 -128 851 855 857 -132 859 -140 -146 -154 -156 865 867 873 875 -170 -176 879 883 -176 -180 889 897 -186 -204 899 -204 903 -210 913 913 915 921 -220 -228 -232 921 923 925 933 -234 939 945 945 945 957 973 993 -242 999 -244 -252 -264 -264 -276 -282 -284 -286 -308 -314 -318 -320 -322 -326 -330 -336 -344 -356 -356 -374 -376 -378 -382 -382 -388 -388 -390 -390 -390 -392 -396 -408 -410 -416 -416 -418 -430 -432 -434 -440 -440 -462 -470 -472 -486 -488 -490 -490 -490 -508 -516 -524 -534 -536 -560 -560 -596 -598 -610 -616 -630 -638 -638 -646 -646 -648 -650 -654 -658 -658 -672 -686 -698 -700 -712 -724 -732 -736 -736 -740 -750 -754 -758 -782 -784 -784 -790 -790 -792 -796 -798 -802 -802 -812 -816 -826 -830 -832 -836 -840 -840 -852 -854 -856 -860 -866 -866 -874 -882 -886 -886 -896 -896 -900 -914 -924 -926 -928 -930 -940 -942 -950 -958 -968 -968 -970 -970 -974 -976 -978 -980 -990 -992 -992 -994 -996
992
-985 998 996 -983 -981 994 -971 -967 990 -959 -957 990 988 980 -943 -931 -923 -923 974 -919 -917 970 -913 -913 -903 -903 -897 -897 -893 964 -893 -891 -887 -879 958 956 -867 -855 -855 -855 948 -847 946 -847 944 944 -847 -847 -847 942 -845 -839 -837 942 -837 930 -835 -825 -819 -819 -819 -819 924 914 -817 910 -815 -813 -811 910 910 898 898 -811 -811 -807 -805 896 896 892 886 880 878 876 -803 -791 -791 870 -789 -787 -777 -777 -775 -775 -775 868 -769 -765 868 864 864 864 -757 -757 -749 858 -741 -739 -737 856 -735 -735 840 840 838 -735 834 -733 832 -731 828 -729 -727 -725 -721 -719 820 -717 -715 -715 -715 -715 -715 -709 -705 -693 -693 -685 -679 -663 808 -653 -651 -645 806 -643 -637 -627 -627 798 -623 798 796 -617 -609 792 -609 -603 -603 784 -601 -597 -597 -595 784 -581 -579 -575 -569 -569 -567 -567 784 -559 776 -557 -553 776 770 -545 770 766 -541 756 -539 756 754 -533 750 -525 -523 -517 -503 742 -503 742 -501 -499 -499 -495 -495 738 732 728 -489 -487 728 -483 -481 -477 -451 728 -449 720 718 -445 -441 -441 718 -429 716 -429 -427 714 -421 -415 -407 -405 -399 714 -387 -371 710 706 700 -371 700 -357 -347 -345 -343 -341 -331 698 -329 -329 694 -325 -325 692 -319 674 -315 674 672 -313 -301 660 652 -297 648 -297 -285 -283 -279 -279 640 630 -277 620 616 616 610 -275 -273 -263 604 598 -259 594 -253 -251 588 -251 588 -249 586 586 -245 -233 582 -231 -231 -229 -227 -223 574 -221 572 -207 572 564 -203 564 -201 -201 548 546 -199 544 540 534 -197 -195 -195 -193 534 -189 532 532 -189 -189 -187 -187 528 520 -177 520 -169 -165 -165 -155 520 -155 518 516 516 510 -149 506 -149 -145 -143 502 -143 494 492 -137 -131 -125 488 484 -121 -117 -113 -113 -105 -103 476 -95 -91 -91 -87 -83 -73 -67 -65 -63 -57 -55 -55 474 -51 -49 -43 462 -41 -39 -37 462 450 -35 434 -33 -27 432 420 -23 -21 418 -17 -11 -9 418 -7 -3 1 3 5 11 13 408 13 13 408 402 19 25 27 400 29 33 396 392 37 39 41 49 49 392 55 57 390 59 378 63 372 65 364 67 71 77 77 91 95 97 99 109 364 362 362 356 109 117 119 121 350 336 133 139 141 143 332 328 149 157 165 173 175 175 308 175 177 179 308 179 183 308 187 187 304 189 296 195 197 201 286 211 278 217 217 217 217 221 270 266 223 227 227 231 231 260 247 249 263 260 287 244 244 289 238 232 222 297 297 299 222 214 301 208 204 301 204 192 305 305 311 313 188 315 182 319 319 325 325 327 341 341 182 182 178 341 343 345 351 172 172 353 353 170 170 166 160 355 140 140 357 357 134 128 363 363 122 365 118 371 381 385 387 389 118 112 104 104 393 401 102 401 403 405 407 100 413 100 415 94 74 60 431 437 52 44 451 455 469 469 473 481 42 483 26 487 497 20 499 12 10 2 0 517 519 0 521 523 525 0 525 527 0 531 -2 -12 -14 -18 555 557 -28 559 559 569 579 581 -28 583 583 589 595 -32 595 607 -38 609 617 621 621 -38 631 647 651 651 651 663 677 -42 679 -46 679 -62 -64 681 687 693 -78 699 705 705 -84 707 713 -88 -88 -88 715 715 719 -98 719 731 -104 731 737 741 741 753 -106 753 -112 759 -116 -118 761 763 765 767 767 767 773 775 777 -118 789 -126 797 803 803 805 815 -132 819 825 825 831 833 -132 835 845 -134 845 847 -136 -136 -138 849 851 -140 -142 -154 863 867 -158 -160 -160 -162 -168 871 -170 875 -174 875 881 -176 -176 883 -182 883 885 -182 887 -182 889 891 903 909 917 919 919 929 -196 -196 -196 -198 -202 931 931 935 937 941 941 -204 943 951 957 959 965 -208 973 979 985 987 987 989 -218 -220 -222 -222 -224 -224 -226 -234 -242 -242 -242 -246 -248 -250 -252 -252 -252 -264 -266 -266 -270 -280 -284 -286 -286 -286 -286 -286 -292 -294 -294 -294 -300 -308 -324 -330 -330 -332 -334 -336 -338 -340 -342 -346 -350 -352 -364 -364 -364 -366 -366 -374 -374 -378 -380 -382 -388 -388 -390 -392 -394 -396 -398 -406 -410 -412 -414 -416 -418 -422 -438 -440 -452 -464 -464 -466 -466 -468 -472 -474 -484 -484 -504 -510 -518 -518 -522 -530 -530 -530 -532 -532 -534 -536 -540 -544 -546 -546 -552 -556 -558 -560 -572 -572 -572 -572 -578 -582 -582 -588 -590 -590 -594 -602 -606 -610 -612 -614 -616 -616 -616 -620 -626 -630 -636 -642 -644 -644 -652 -660 -660 -664 -668 -676 -676 -676 -676 -678 -684 -684 -688 -694 -698 -700 -700 -700 -702 -704 -706 -708 -714 -714 -714 -718 -726 -732 -734 -738 -738 -742 -742 -742 -752 -754 -760 -762 -762 -768 -770 -770 -770 -780 -792 -792 -794 -796 -798 -800 -800 -806 -810 -812 -814 -816 -818 -824 -832 -842 -842 -846 -858 -864 -864 -868 -870 -872 -874 -878 -880 -880 -882 -886 -890 -902 -906 -910 -914 -916 -920 -934 -936 -946 -962 -962 -982 -986 -986 -988 -988 -988 -1000
183
-993 996 -983 -949 -897 -897 -895 -875 -829 -805 992 -805 -803 -767 -767 -761 954 926 -753 918 884 -747 880 -721 -721 824 -707 780 -707 758 -705 -615 -609 738 -585 -539 732 -483 -455 -387 -329 -291 -291 -273 -245 -231 690 -219 -215 -197 -167 -145 -107 -103 670 -101 620 610 -79 7 31 53 610 121 133 596 143 165 203 221 231 582 277 488 287 452 341 355 430 365 425 414 445 451 459 463 469 396 376 523 573 336 310 573 609 615 639 308 260 649 665 681 697 248 210 721 763 777 190 148 791 793 839 84 847 72 885 913 917 52 925 46 929 935 22 955 991 995 20 14 0 -32 -102 -156 -160 -182 -212 -234 -258 -312 -320 -346 -364 -384 -388 -390 -398 -428 -438 -440 -484 -498 -504 -506 -588 -602 -616 -674 -680 -712 -714 -728 -728 -782 -784 -784 -792 -800 -806 -814 -832 -834 -840 -868 -876 -884 -894 -896 -910 -922 -924 -952 -1000
617
-995 -989 -989 -979 -971 980 -961 974 -961 972 -959 -955 -955 968 966 -937 -935 -935 966 946 -935 -921 946 -919 930 -919 -913 -913 928 -905 -903 -899 -889 922 902 -889 -883 896 -877 896 -857 -853 -847 886 -845 -839 -829 -825 -823 -819 -819 880 880 -815 -807 -805 -797 878 878 -791 -785 -773 -749 858 858 -749 -737 -733 -731 -715 852 -697 840 834 834 828 822 -693 -689 -681 820 818 814 -681 -679 -677 -671 -653 798 -643 -637 -637 -637 -633 -631 786 -627 -615 -609 -609 -603 770 770 -591 -589 -583 -581 -575 -571 -569 -545 -543 -543 -543 760 746 746 742 -541 736 -523 -515 -493 -489 728 -485 -471 -459 726 714 -455 686 -453 -451 -441 -439 684 682 -429 -421 -413 668 660 650 -411 -407 -393 -391 -385 -383 -363 -359 -341 -341 -331 -329 -323 -321 638 -319 -305 -303 -299 620 -299 618 -297 616 -277 -277 -273 602 596 -267 -261 -255 -251 -251 -247 -235 592 586 -231 -231 574 572 -231 572 -229 -219 -217 -215 572 -203 -189 -187 -187 -183 566 -169 -167 -165 -157 -147 -133 562 -123 -117 -99 -85 554 554 -77 -73 -59 546 534 526 -59 -49 -39 504 500 496 -31 490 -21 -11 490 488 -1 -1 468 13 17 464 21 21 21 464 31 33 41 49 456 57 63 65 69 450 71 81 91 91 91 440 101 111 117 117 434 121 424 131 133 141 143 145 149 181 213 221 221 418 221 223 227 233 237 247 416 253 259 263 273 396 275 275 386 281 295 384 305 378 309 321 368 364 356 356 346 323 335 349 349 351 353 365 365 371 344 328 377 381 385 385 391 326 308 397 401 296 405 294 407 411 425 290 290 437 443 447 451 455 471 473 495 507 507 517 525 537 276 555 268 559 569 266 577 577 579 260 583 254 585 595 246 597 599 607 609 641 651 234 230 651 228 653 220 218 653 653 204 202 663 673 200 196 677 196 194 693 192 182 695 715 715 721 176 168 727 158 731 745 156 745 154 749 755 763 771 773 781 781 809 819 154 148 821 823 829 833 837 841 140 140 855 857 859 136 130 861 875 885 903 923 925 130 118 92 935 949 981 981 987 987 78 78 995 62 50 46 42 30 26 18 0 0 0 0 0 -2 -10 -10 -42 -56 -60 -64 -66 -88 -90 -98 -100 -126 -138 -154 -154 -158 -162 -164 -170 -182 -196 -224 -224 -228 -242 -246 -252 -258 -260 -264 -272 -284 -286 -286 -286 -292 -294 -294 -302 -304 -308 -308 -308 -308 -320 -324 -328 -330 -336 -346 -350 -350 -352 -356 -364 -364 -366 -376 -388 -390 -406 -408 -408 -416 -416 -434 -442 -456 -462 -468 -468 -468 -476 -478 -528 -528 -532 -550 -550 -562 -562 -572 -572 -572 -586 -588 -590 -594 -594 -600 -622 -624 -624 -626 -626 -634 -636 -646 -650 -658 -660 -668 -670 -676 -680 -682 -690 -690 -692 -702 -712 -728 -732 -734 -750 -752 -762 -764 -766 -770 -770 -772 -780 -784 -786 -788 -806 -806 -816 -836 -836 -842 -854 -854 -858 -862 -862 -870 -870 -884 -892 -896 -900 -904 -910 -912 -914 -946 -948 -950 -952 -954 -958 -962 -966 -968 -974 -978 -980 -982 -984 -992 -992 -994 -994
704
978 -987 -985 -983 970 -983 -975 968 -975 -969 -953 -935 -927 -917 -911 968 -907 -907 -897 -897 948 -897 -897 946 -895 -889 -885 946 938 -885 938 936 -867 -863 -863 -863 936 -859 930 -857 -843 -841 926 -839 926 -831 -831 -829 -825 924 -817 918 -817 -805 918 912 -791 910 -787 910 -773 -767 -763 910 -753 -751 910 -741 -741 908 -737 -735 -715 -701 -695 -693 -689 906 -679 896 -673 -669 -665 -665 -663 894 -661 888 888 884 -653 882 -651 -647 -645 880 -641 -639 878 872 858 -637 -637 842 -627 838 -623 820 818 -613 -609 -595 812 -589 -585 -565 -563 -561 802 -557 -555 -539 792 784 -539 -529 782 -529 770 -527 -525 770 -523 -517 770 -505 -499 764 754 -495 -491 -489 754 754 742 -489 -483 -483 734 -473 728 -473 -461 728 728 726 724 -455 -455 -443 -437 720 -429 710 704 -429 702 700 688 686 -427 666 -425 -421 648 -421 -415 638 624 -407 624 -405 608 -401 -399 -397 -385 -383 596 -383 -379 -379 -375 -373 594 588 576 -373 574 -371 -365 574 -355 -349 -337 -333 566 -327 -327 -325 -325 -323 -319 -313 566 -313 -301 -287 -273 -273 560 554 -273 -273 546 -267 -265 536 536 -261 536 528 -245 -233 -231 524 -231 -231 -229 -221 522 518 -217 -215 -195 -189 -179 -173 -169 -167 -161 -157 -149 -139 494 494 470 464 -137 -133 458 -117 -115 -113 -111 456 -101 -99 448 444 442 -99 -99 -95 -91 -91 -87 -77 434 -77 418 -75 416 -75 -73 -73 -65 -65 -63 -31 -23 -23 -21 7 384 11 11 384 382 378 378 37 374 374 39 45 53 53 65 71 71 364 360 73 75 340 77 336 334 91 97 326 113 115 119 127 320 131 133 135 308 143 147 161 302 173 187 197 209 215 292 282 215 229 245 247 276 266 251 255 267 271 273 275 287 264 291 260 260 303 315 315 317 321 341 353 244 238 357 234 365 212 365 208 202 200 371 377 379 198 383 399 403 196 429 194 435 190 176 441 443 449 455 176 174 158 469 481 156 154 487 154 497 497 515 148 140 521 138 521 126 525 114 533 545 112 547 110 549 106 549 104 98 94 553 559 563 565 579 88 88 589 78 72 591 70 70 595 595 605 609 64 56 44 623 44 625 631 639 641 651 657 659 673 679 42 681 36 693 34 28 28 695 28 26 715 717 14 8 0 727 729 0 739 -6 741 747 755 -18 -20 -22 761 -26 767 783 -28 791 -42 795 803 815 819 819 -46 -52 821 821 -54 833 -64 833 -70 -70 -70 833 833 837 -84 837 -100 845 -104 -112 845 -134 865 -134 867 869 871 885 -154 -154 889 891 897 901 917 921 935 -156 935 941 -164 -166 945 959 959 -172 -188 -202 963 969 979 985 987 -206 987 999 -206 -210 -214 -214 -216 -228 -230 -232 -236 -238 -238 -238 -242 -252 -254 -260 -262 -266 -288 -290 -292 -298 -308 -308 -314 -322 -322 -330 -334 -348 -350 -358 -362 -364 -372 -378 -378 -384 -386 -388 -392 -394 -402 -402 -408 -418 -418 -426 -436 -440 -450 -462 -464 -470 -476 -480 -480 -502 -506 -518 -518 -518 -520 -522 -524 -526 -530 -532 -532 -546 -546 -564 -566 -574 -574 -576 -576 -578 -584 -588 -594 -598 -598 -598 -606 -608 -614 -624 -626 -638 -656 -660 -672 -672 -674 -678 -680 -680 -684 -692 -696 -700 -700 -700 -702 -704 -718 -722 -728 -730 -734 -736 -742 -746 -758 -758 -772 -772 -776 -776 -784 -792 -806 -810 -822 -824 -830 -838 -848 -856 -858 -858 -858 -862 -864 -872 -872 -874 -876 -878 -902 -906 -906 -908 -908 -922 -942 -954 -960 -980 -982 -986 -988 -994 -998
716
998 -985 -985 994 -979 -971 -965 990 -963 986 -949 -949 -947 978 -941 -935 966 -933 -931 -931 -917 -913 -903 -891 966 -871 -869 -853 958 954 952 -847 -847 948 940 -845 -845 -839 -833 -833 -823 -819 940 -819 -819 -813 -811 938 -807 -805 938 -805 924 910 -805 -793 -791 -775 910 906 -771 892 -749 -749 -715 -715 -707 878 -707 -693 872 -693 -679 -679 868 864 -663 864 -647 -637 -637 852 -637 -637 -629 844 -623 842 -623 -619 -611 -607 834 -605 -603 -595 828 -581 -575 -567 826 822 812 -567 812 -567 -559 806 -557 794 -533 -529 -527 784 782 778 772 770 770 756 -525 -525 -507 -505 -489 -483 756 -479 756 -479 -461 752 -455 748 -455 744 732 -451 -451 -451 -437 -433 -431 -425 -411 -407 728 728 726 -403 -401 724 -399 -395 -371 -369 714 712 -359 -359 -357 -357 -351 -351 704 704 686 -345 -343 -341 -329 -329 -327 676 666 -319 -311 -309 662 -305 -299 -297 -283 662 662 -283 -277 658 -273 654 -271 -263 -259 -257 -245 -239 644 638 -239 -231 638 -231 -215 -203 634 632 -201 -195 630 -189 -187 618 -181 614 612 -177 -161 -161 608 -161 -153 -151 -151 -143 -129 608 -129 -111 -105 -105 -93 -61 -57 -47 -45 602 596 -29 -29 -11 5 594 582 7 21 23 29 576 572 550 33 35 39 536 39 43 43 532 528 57 65 526 83 89 520 89 91 93 105 105 520 113 113 518 121 139 143 516 147 147 147 159 161 175 181 187 197 201 203 512 203 205 504 207 209 217 221 223 229 237 243 245 502 490 247 482 468 468 247 251 259 263 275 285 464 456 295 297 301 456 301 446 309 444 311 444 438 315 319 325 337 343 430 349 353 353 357 357 363 371 375 381 385 385 395 420 418 416 399 407 409 425 410 429 406 429 441 451 402 451 465 396 471 394 473 392 392 392 483 493 507 507 390 515 529 537 537 539 541 390 549 384 378 551 378 557 370 567 573 368 577 368 366 579 364 581 583 364 589 364 595 364 603 611 360 623 637 639 645 645 344 338 651 655 336 657 663 665 671 671 334 673 308 308 675 308 685 685 308 687 304 691 693 300 294 693 290 703 707 286 286 707 713 286 715 725 729 759 759 765 777 286 282 282 779 278 272 781 805 811 813 817 823 825 827 827 841 857 268 863 266 869 883 248 889 893 248 899 903 907 242 212 909 913 919 929 935 937 937 945 959 198 969 971 973 979 192 989 184 184 184 182 168 168 166 156 154 154 152 152 146 144 144 132 130 120 110 104 104 102 98 96 88 78 76 62 60 44 20 14 2 0 0 0 0 -6 -32 -42 -42 -56 -64 -84 -90 -102 -104 -122 -124 -126 -130 -130 -134 -136 -136 -146 -154 -166 -172 -182 -182 -182 -182 -184 -188 -196 -224 -230 -234 -238 -238 -240 -242 -242 -272 -286 -292 -296 -308 -308 -308 -312 -328 -338 -352 -364 -374 -378 -382 -386 -388 -394 -396 -404 -404 -408 -408 -414 -418 -420 -420 -422 -434 -440 -442 -446 -450 -452 -452 -456 -462 -472 -484 -506 -524 -528 -536 -536 -536 -546 -550 -550 -550 -562 -566 -572 -572 -588 -592 -592 -598 -602 -604 -606 -608 -610 -612 -612 -614 -616 -620 -622 -626 -628 -630 -632 -636 -638 -640 -644 -676 -686 -690 -712 -718 -724 -726 -726 -730 -730 -732 -734 -736 -736 -752 -758 -766 -770 -780 -780 -788 -790 -800 -802 -818 -824 -828 -836 -840 -840 -840 -842 -850 -854 -854 -858 -862 -870 -874 -882 -884 -886 -886 -890 -892 -898 -910 -916 -916 -918 -924 -932 -934 -938 -938 -938 -940 -958 -966 -970 -974 -976 -980 -980 -988 -992 -992 -998
1000
315 -429 21 -944 580 -831 -798 -209 481 -601 572 248 254 -99 -441 621 972 -622 -990 -679 989 -137 -739 -869 -867 143 -103 -287 63 -300 49 -973 349 239 196 218 429 -287 -633 -364 721 971 829 952 497 -7 440 -462 637 732 -514 859 -660 699 -442 657 767 0 649 66 357 507 198 264 679 -45 -957 689 -147 -785 903 -627 893 413 273 167 -228 848 -682 -402 -535 25 -406 -425 -788 719 -78 -756 -455 -671 -438 -825 -881 -590 -249 926 -616 -543 -622 476 -550 -759 -285 -37 -130 79 715 -552 658 -17 152 677 812 -299 -271 -63 269 79 671 -492 987 -353 660 529 -343 583 -453 819 925 64 959 730 418 -169 -262 -273 365 -767 -880 665 -503 -49 997 -798 383 -163 299 -857 -171 -467 201 798 583 273 955 -19 951 -277 -297 887 785 -481 966 -805 -258 -929 189 685 215 -758 701 -248 493 979 -697 573 -819 -67 21 -659 -153 -862 -693 -227 5 792 45 -679 349 -284 847 401 -770 -337 43 -714 -352 -765 78 799 -759 796 -786 -8 -971 -364 -161 721 507 769 -415 399 -614 789 -33 332 634 364 -287 347 -471 -64 482 -297 982 715 -770 -286 -133 -577 -922 73 -709 93 -187 369 -693 260 -663 -219 336 73 -859 689 781 849 367 -438 -413 -637 761 -781 118 790 770 -203 -558 870 -555 818 105 -91 -259 398 430 -883 -254 991 -996 -565 243 -288 -594 33 403 -576 197 -902 306 -812 -848 355 -322 -286 428 -421 -539 343 -366 -389 -369 931 -961 -740 -455 -779 253 618 -978 275 110 796 -445 -595 845 847 968 -409 -322 589 511 658 364 -217 261 -122 317 43 -33 280 560 886 -805 -456 -723 -728 278 -795 -889 -637 437 374 83 -854 221 -695 -702 -240 -408 -738 696 142 -532 161 -196 802 721 444 -901 -926 33 -286 359 42 -38 490 849 825 -383 -455 396 676 -847 -490 -896 327 -713 -351 -648 -787 24 -516 -841 -301 -399 -89 337 112 -945 -681 358 360 967 -747 -287 -638 779 786 803 559 -304 451 -819 -949 -232 -806 674 -423 -175 74 597 -867 -403 -761 -611 -231 280 343 -794 -985 188 -386 301 -455 225 -49 440 343 10 -341 -55 -517 702 693 -611 416 -384 788 539 -821 -508 -73 -693 91 -563 89 -853 -14 298 146 672 239 -24 -145 793 203 199 803 857 119 535 -955 735 -578 33 -217 286 389 -909 -334 -633 711 -63 219 576 -518 663 -195 847 683 987 476 -833 -849 231 -864 -411 231 91 229 605 420 -510 302 -697 213 227 -515 572 181 -259 537 484 721 -751 896 650 986 105 793 286 994 -987 534 221 52 -931 -899 178 -889 -805 -36 816 -448 -11 -676 -817 759 449 315 -45 -851 323 -871 -175 -412 -813 -969 398 523 -676 176 581 -470 -960 -355 -520 169 119 610 13 -360 146 -748 -47 590 434 520 517 -157 -504 314 -323 77 -834 417 -743 525 -624 836 -187 -110 -441 486 -766 -305 -847 495 694 -263 501 208 684 -861 525 104 861 -235 385 -736 583 -550 -629 713 0 -67 689 -315 -898 -165 -763 275 815 -605 -84 425 -630 783 897 -303 -357 205 489 -585 504 -994 -234 -39 -143 399 275 199 746 355 43 525 677 251 652 385 819 -101 -364 195 -792 409 -122 -275 234 -355 -215 626 122 243 371 -162 -242 735 -409 -419 480 560 -462 -702 813 -613 955 371 -267 915 287 -366 963 -824 -124 99 -896 561 -785 -800 741 277 -194 -793 539 847 501 927 -815 -193 788 901 219 65 -328 361 649 743 541 273 788 551 -261 145 383 907 663 -483 -90 311 -357 -8 -56 546 -869 231 401 277 -841 449 728 -463 -803 555 989 -398 -716 647 -607 847 931 572 811 -596 987 -28 -98 33 316 -607 627 539 -599 -514 -880 -594 456 -840 -932 -640 -460 -165 -938 661 -15 -895 -189 16 -252 594 -628 897 -439 325 110 -825 526 -411 -735 -486 20 781 51 451 832 -441 882 455 -202 798 -274 -465 -473 618 -798 91 539 -392 193 -681 -358 -504 -245 873 934 -64 843 -759 -860 -519 321 42 -76 361 -762 -507 61 571 -693 143 421 813 -813 955 29 -64 639 607 568 -731 -451 -597 963 -575 -269 -587 -589 778 844 707 -325 219 283 329 -406 409 -189 459 -143 -494 182 716 338 476 -168 924 -286 528 -976 -758 722 112 -824 584 154 490 -616 416 -696 -612 948 -608 -706 -186 884 -66 28 226 -840 -318 918 -192 128 -38 924 -978 -288 672 -12 -182 -460 208 550 440 482 -538 -674 974 944 0 -692 378 546 -640 -902 76 572 752 66 254 -858 996 -744 494 -816 36 -134 642 -336 228 876 -340 148 420 872 -810 994 -128 280 -524 130 784 -544 -924 -352 196 144 168 936 334 208 -486 -616 -254 -652 712 864 642 304 110 -630 -818 812 606 -416 -672 616 -886 -658 196 -120 440 -616 -564 -408 -270 906 132 318 628 980 556 578 -802 898 154 -920 -546 172 282 270 832 -594 426 868 -82 -716 788 -450 670 -598 978 874 138 -318 -528 616 990 -880 -952 572 0 56 874 644 826 266 422 722 126 -68 -422 234 -738 644 202 182 -966 -36 -488 142 -378 -826 100 576 -430 -862 866 -238 670
1000
906 919 -317 -791 -627 635 276 -176 528 -581 412 -700 -371 330 429 743 -117 880 -370 742 685 -18 -297 -784 -177 -557 283 191 735 987 374 476 143 -979 -310 855 461 747 -299 -378 -821 645 781 -837 685 654 511 675 684 847 143 -898 851 973 -637 -205 -530 273 -385 925 441 -327 443 -624 45 721 -367 -625 609 -645 835 487 -143 -895 327 -814 -767 297 -763 -682 407 -805 803 776 281 -748 -279 473 -504 355 7 698 771 99 191 29 -202 936 617 -611 465 -255 -703 651 231 377 725 -397 -296 -35 701 -221 -955 875 525 -63 -47 277 -50 603 513 -585 326 -81 -83 352 979 351 -801 434 -301 352 -420 -853 -13 369 503 -854 -462 222 -412 891 498 228 8 698 596 497 -13 859 621 -870 -358 253 671 -363 529 -11 -41 643 -897 -364 741 728 -705 696 -928 -582 899 15 493 -806 -443 219 917 639 893 265 952 -907 448 218 -676 724 434 777 808 421 -947 -669 419 133 925 -319 -473 341 122 -784 74 -245 -809 -385 -532 -348 -318 -793 -959 847 238 -130 -850 431 -168 -719 -915 567 77 16 624 -728 315 437 -574 -263 -656 -693 917 982 117 179 199 -825 -247 21 -196 -663 462 -179 797 436 97 611 -161 462 -2 -405 -958 -717 154 357 535 44 -497 -10 442 553 -393 763 121 585 -427 -341 220 309 -756 191 702 503 -602 803 714 -262 349 -933 -117 748 -249 -385 101 273 -286 301 -463 792 805 395 468 499 -143 -867 -702 -453 528 451 -231 -487 332 667 830 -182 520 605 -183 -196 -42 431 574 937 -677 -126 -234 -409 115 715 498 -529 379 691 -49 -499 -823 -743 -675 983 284 -187 -371 975 -311 -836 -221 877 -909 -637 814 995 308 -387 -883 -539 -797 -737 91 199 -585 -119 396 -873 131 784 880 -683 -399 -881 -41 -983 0 859 -514 -988 -615 -237 -767 322 -883 35 -501 -891 22 803 -679 -974 451 -753 -897 673 -371 745 -161 115 215 -785 -871 -627 -329 -793 507 198 385 371 879 969 52 -579 -451 -959 649 -649 -696 869 -233 677 221 154 264 853 -637 36 -911 429 111 345 42 -792 -825 -417 -556 -726 820 756 515 192 -131 -597 -65 -613 705 -66 189 885 535 974 -61 42 -188 162 -658 14 77 -712 -660 211 136 -616 -825 -407 337 864 785 -933 -713 -385 -881 -585 -933 -147 540 979 -280 -595 341 0 903 -782 -679 515 -360 -126 -451 -493 742 -728 -522 307 311 727 315 757 585 -247 -777 165 545 496 775 -449 -877 980 -995 -286 905 486 -829 125 665 -236 -63 767 -777 -222 253 -923 753 473 -768 889 527 638 -281 733 665 573 119 545 -664 -100 381 856 -816 288 169 -840 257 -797 -842 79 -161 247 485 -705 -400 737 -575 -471 -975 660 539 819 -406 -509 -135 -391 975 -547 -917 -405 -604 924 645 -785 981 662 -785 -131 -845 -715 -762 -420 -371 -78 643 992 158 679 823 0 -715 -294 285 -741 -359 -178 -533 -634 756 -295 -440 885 -601 39 -373 -385 -495 0 64 -308 -126 -581 879 476 744 -491 170 781 -777 -870 0 856 -434 162 -821 -794 466 585 22 60 -630 -138 619 166 379 322 -896 163 510 273 -605 949 -811 -231 -349 629 -18 -238 868 -950 407 286 -881 -777 728 317 645 793 161 719 -444 -63 865 -929 -147 -699 -686 -614 619 75 493 -277 299 -949 -743 324 -526 -624 893 649 -455 -21 -633 124 -964 -843 -882 363 -215 -134 -980 191 671 449 451 637 -31 -651 -361 -161 663 946 983 -704 -758 683 -167 -185 -729 -257 522 813 -838 767 203 663 847 156 -753 -574 -754 964 273 525 -966 -394 -570 -735 -30 78 509 -125 -273 611 -566 409 -44 791 734 -175 -998 -638 -789 -533 -100 255 -976 225 -231 281 -146 625 -89 -875 -721 -647 -523 -79 953 -783 -567 -231 362 -866 -518 290 -910 859 -533 -910 479 671 -211 -234 -693 -815 -419 -521 905 28 188 738 -674 -500 -364 -758 942 184 -108 -420 806 908 166 -86 -798 56 114 658 -26 960 410 -476 -680 -880 -166 -990 -524 -52 -354 914 -616 -162 632 -210 868 714 -272 -436 286 622 -490 -672 -616 596 -330 -954 -14 -572 810 594 -170 -176 -480 506 -658 312 140 328 756 -934 -858 208 548 -784 756 858 608 -730 -990 198 -396 -606 548 -286 -104 -810 -102 -352 882 286 350 -470 -924 -192 -670 -168 -958 -286 808 -704 -400 506 798 32 -594 906 -38 -178 34 26 826 652 -282 528 390 -348 838 246 572 504 104 -70 -168 -520 860 -86 -682 982 854 0 662 -532 810 958 16 924 582 -378 784 -960 996 -462 958 238 598 88 -550 0 -704 800 884 -536 0 38 464 -462 26 964 -638 -616 -28 -324 -268 974 752 742 -204 -322 -522 -44 798 -774 476 350 910 120 -548 -728 660 514 -730 -182 636 -800 -516 -486 934 -650 -724 680 -42 992 254 -992 -614 528 398 286 -268 -50 -988 312 -784 390 -604 286 604 -584 358 -462 -910 -988 350 -318 92 52 -546 82 -644 758 668 0 -518 -532 390 -334 22 -242 -26 462 314 602 28 336 -400 -570 -602 -238 334 228 180 364 -646 138 782 -42 -260 -68 644 -800 -312 548 -490 -48
1000
-913 539 485 -952 149 -81 -341 -872 -567 -121 819 -407 161 -248 46 134 925 -119 203 -327 359 224 417 -905 -899 -759 -307 387 281 721 -590 -77 569 -861 788 589 -928 727 883 -161 466 699 229 732 557 -533 39 329 -299 605 -86 903 777 865 -21 -39 364 -709 168 -997 -943 -229 144 693 -634 -85 583 -92 -143 -131 693 -216 381 -120 -574 -857 187 286 14 768 -315 -770 -387 -317 -578 150 455 -645 777 703 437 -801 -880 -865 690 -71 -610 -693 -6 47 374 -95 -819 -39 -734 945 -98 187 -238 139 -563 -871 -247 812 40 515 -69 -213 -863 -242 -275 -98 -891 819 722 886 586 -21 342 -523 -36 -968 -613 385 -322 -82 -860 343 -749 -756 853 -910 -120 -532 -930 -307 59 -721 -53 615 455 -839 -309 -43 -596 311 361 -28 98 -105 581 -875 825 -679 226 328 706 946 -545 836 105 907 238 -518 171 -388 899 0 -583 946 -559 333 -254 -270 -917 -909 -571 210 -10 588 855 290 -924 723 646 -619 -939 -140 884 -299 -194 595 -460 -453 980 -144 209 -884 742 484 182 377 -143 -532 -546 231 -769 -462 143 315 -621 223 811 651 208 -379 -371 539 241 135 637 -183 65 825 781 -707 -817 203 -351 970 -499 -832 309 149 -234 -434 830 767 -75 -322 559 -403 168 609 -977 -694 504 405 607 -924 969 689 -516 -607 -908 356 466 834 435 195 -966 -231 -49 266 366 946 -363 659 973 882 49 -490 429 625 191 301 131 -263 845 -393 926 -777 175 -741 584 -429 332 -479 517 -626 126 161 -646 469 341 277 275 -28 -716 455 -322 420 802 -679 781 -459 452 -982 -15 -395 -777 385 455 -215 805 -914 -667 -177 -154 717 -673 -308 -836 611 935 378 -306 -594 -119 -553 -199 242 949 -916 -545 776 -533 -231 118 836 -876 -5 -126 -202 -560 -777 -918 -167 567 403 209 91 -595 -409 304 -545 -412 489 253 -643 -81 -553 67 579 128 -304 813 -946 -759 -405 -9 -118 660 89 913 -231 609 -819 -21 -99 957 -539 -539 -953 -423 -669 66 -406 -831 -268 263 705 -855 -494 972 105 35 -715 -29 468 -213 736 847 224 700 742 892 73 258 167 -209 -435 -792 480 968 155 -947 -154 25 -534 683 667 559 735 -917 406 711 -832 654 569 -185 913 -463 981 221 -475 -735 721 96 -629 220 906 253 -413 296 283 -663 95 335 -721 -836 -869 -718 821 635 519 763 -958 -641 749 5 730 -580 -195 462 420 208 -257 507 -793 548 812 21 -281 -413 401 -362 973 746 -475 180 -921 763 776 -377 -766 -479 251 763 56 777 507 153 23 -605 382 -889 529 -237 -679 420 -735 -143 -923 816 -770 -982 99 -665 475 677 -272 -181 529 -567 -964 791 -927 -869 493 179 69 436 -996 -294 -794 828 27 648 -467 -659 -242 979 343 355 200 825 -299 -130 -469 39 -420 770 173 -347 -832 -492 -833 -793 -396 974 847 -515 265 56 -594 -546 -722 311 -308 -751 574 918 291 -692 497 718 -420 -973 60 -259 -494 -979 485 417 91 -251 59 335 267 949 520 -968 -308 783 880 -840 -637 -679 -729 1000 -861 -266 857 -98 -618 -602 -198 -751 -473 950 625 293 637 243 449 683 -595 -247 -611 -349 -407 495 -770 949 -957 -285 -403 365 -168 387 -325 461 173 902 105 -890 -477 -803 -778 723 366 -543 -339 -169 -463 340 667 -198 -829 -125 483 -145 681 845 860 94 5 -694 -575 711 -935 -647 686 539 -119 156 -483 242 513 595 651 -293 -623 85 -590 875 293 -569 -983 -394 490 -130 -55 707 891 48 -377 -231 715 -525 168 259 195 71 -99 -955 -601 -254 -215 -104 159 -869 387 791 209 -429 -802 -864 511 -268 255 76 -350 580 -55 755 623 -84 873 -187 363 -839 64 592 -611 -506 -79 22 397 957 -609 -581 -165 849 -227 232 329 -649 -269 -891 -875 187 -931 -992 -562 332 560 986 -582 956 -184 -80 -840 -312 -264 158 -326 -286 482 764 468 -334 220 142 574 18 784 324 -224 770 -80 -628 462 -154 322 338 -52 -458 4 -278 -110 348 -910 266 42 -238 884 884 -638 588 -416 -950 -792 -440 886 -696 -454 -440 392 748 -318 960 898 -522 -406 954 826 -194 84 -298 -266 -676 -286 780 -812 -482 -522 550 0 0 70 902 -104 466 -168 572 198 370 770 264 -2 690 -638 330 -684 28 -810 770 -186 -176 906 -372 862 52 -982 506 62 598 -672 890 -686 528 836 -740 -118 620 318 -238 504 42 -306 82 286 66 506 -308 872 684 -856 -654 -330 -364 -44 552 -352 786 568 676 934 -320 468 -546 392 -180 952 784 -98 -848 -424 -474 -770 990 -410 -564 362 -282 614 588 428 980 -574 422 876 174 882 -506 -462 -744 -762 968 -14 980 212 -214 -262 -520 -642 -616 536 246 -714 210 840 704 506 -442 702 -518 538 -290 -668 528 226 162 286 -54 -790 -300 590 770 46 484 -286 216 392 714 388 678 228 178 -394 724 256 -76 140 694 352 -164 -208 854 -872 -490 278 -210 -448 270 302 -364 -828 322 -308 0 -982 -198 -644 152 390 -286 -486 -586 376 -38 -394 -520 220 4 -614 -200 -574 -788 468 -340 -352 858 340 -270 266 -220 714
726
-980 -141 91 -296 944 -332 238 119 587 -959 597 286 -406 910 0 457 364 -352 972 -455 -847 138 -51 -506 809 -874 521 -209 -487 -194 459 -267 637 245 141 -85 97 -147 473 357 -886 495 -283 -338 -834 -173 -260 387 -27 143 353 -798 -357 77 403 411 -10 832 -180 393 -937 231 -265 -453 -772 363 -495 -143 -330 -377 297 -329 498 138 3 -341 933 -443 -187 -182 113 292 273 699 998 -325 -707 -293 970 -334 -125 -921 -858 715 -995 805 0 341 490 -931 -448 -121 427 889 -797 -973 -392 935 148 234 -709 -925 -877 331 819 -433 -154 -863 -723 39 -407 869 305 -865 97 -924 -689 947 573 -319 413 337 561 -69 385 -583 -259 -988 59 719 -978 555 -609 -917 447 -259 607 -987 243 3 621 -623 -137 -588 -27 -469 865 -766 -525 -465 764 -923 695 -970 -528 -79 -591 533 -973 -363 -245 -888 545 672 -121 791 -359 914 937 411 -231 -345 815 305 -539 478 637 -961 184 -451 -693 253 -640 151 -4 -945 -147 -819 962 560 -533 289 715 -161 -511 990 -432 -111 -29 687 -266 -136 582 -62 723 -467 -465 815 329 -900 -903 -795 0 -92 -173 671 -547 -649 -47 156 437 -543 -572 598 -910 624 817 -35 -623 275 -14 -672 889 -313 -656 -450 -979 -875 -819 -591 -902 -273 -924 245 0 806 555 165 481 -813 -103 -567 -374 640 -262 793 571 434 223 -728 957 -25 489 577 469 319 10 210 651 713 44 838 972 291 -66 427 -611 339 645 -952 0 883 642 -624 51 -289 125 -302 200 793 -406 -917 -11 173 25 -115 854 217 -655 734 483 136 -753 -407 -737 -194 117 212 -406 -957 763 605 13 -539 910 483 -736 -605 -539 -101 946 940 -121 533 -721 -252 696 -129 408 354 497 -65 970 -597 610 879 -891 663 -765 -199 -483 871 -787 -429 827 -61 9 -341 133 413 -698 352 -857 -274 88 -728 121 379 -317 590 919 630 663 847 379 -929 -960 -403 370 283 682 -969 -446 550 545 185 -910 -818 -276 741 989 433 176 -767 -309 231 -839 -679 47 805 119 -795 903 713 580 743 -826 -43 -34 133 791 -285 970 -807 301 -637 -982 140 -777 351 -371 -387 181 -249 603 755 -751 -539 117 -583 461 681 867 375 699 -50 -30 809 -864 -128 0 231 961 612 168 -575 910 147 -865 165 219 819 -865 -195 -799 -442 -423 723 322 -268 -739 695 516 -973 -936 -767 -844 -773 -23 339 -407 -550 163 -121 132 -95 -418 -347 -947 -640 -935 -413 567 867 958 -609 -819 -636 -651 -450 142 518 -919 -348 135 684 -832 318 223 762 843 759 -906 -672 819 -969 -832 -308 545 343 -13 489 321 799 497 917 503 495 -879 910 118 672 429 420 -396 6 -620 -114 952 -964 -518 76 -994 -306 128 -2 330 -910 454 902 0 96 -78 -634 -840 604 -498 -210 -682 814 0 -770 156 572 820 858 756 794 306 -344 -450 -572 -218 674 994 268 190 -580 -214 -392 -848 -106 -358 966 214 978 428 -450 646 -38 746 16 630 -330 766 0 114 38 822 540 -248 294 96 166 -352 -922 994 -476 44 -714 546 344 802 178 736 264 616 962 680 -268 320 622 314 58 572 898 -182 378 -460 578 30 132 -66 -224 44 630 -770 -24 -274 290 778 800 -958 -422 806 164 -980 -514 -378 0 580 392 -814 148 -308 -686 -140 -520 198 -868 528 -698 910 -834 66 -854 190 328 840 -448 -910 956 598 594 858 -54 -908 192 726 492 -654 -358 -256 -130 42 -264 -442 102 84 860 316 -726 -286 -62 -996 822 -338 606 -756 -102 -356 -466 860 -234 956 -534 -394 250 204 786 -86 -444 684 950 -832 -700 522 434 322 740 -518 -770 -498 662 66 986 468 -198 -182 -598 -976 -462 550 -804 -140 528
508
402 -984 -910 707 118 184 -21 9 -631 55 187 763 502 984 -63 383 -149 -539 0 -111 0 751 -340 0 27 784 287 560 -685 577 -693 819 -224 -279 663 -764 581 -589 -775 659 -959 -210 -947 571 305 87 -78 774 -39 -158 979 469 399 -338 10 -875 247 -203 -365 -966 -221 -731 203 21 399 715 -299 -509 935 299 -753 -129 -77 235 -567 -909 553 -523 317 -118 -499 317 207 405 396 910 533 -957 772 -251 589 -12 -935 39 572 -735 -158 -279 745 -331 -31 668 341 176 -486 -311 931 312 894 -11 -247 539 611 -668 -672 -88 -809 -179 -663 -260 113 728 -595 -951 570 406 -933 166 -362 -54 -760 294 780 271 11 471 -199 -315 79 363 864 123 249 427 -461 -855 531 925 -423 271 -77 -441 -719 946 -951 -637 -114 836 -455 -885 61 -231 803 -492 280 735 231 399 866 644 751 -279 301 -711 -585 22 -119 395 -300 525 449 -911 -597 -23 363 885 -465 517 946 935 -364 -965 -97 -601 465 -572 861 883 425 833 741 873 675 438 -455 -539 881 -509 640 744 -594 381 -365 539 -870 -174 309 -355 239 581 366 516 429 33 277 724 187 716 84 669 -923 -55 -231 -71 -811 -479 -865 -774 673 113 -640 253 -865 -397 -921 -966 -534 855 -894 777 660 165 -109 909 580 88 -826 432 397 463 -507 -653 201 -819 -97 -539 380 737 917 -663 -377 143 261 -993 -437 425 -818 -275 602 -910 -588 539 569 56 454 -420 361 -301 -203 791 -949 554 281 -711 -391 -357 -149 21 -309 675 -713 -165 893 917 21 221 -917 411 -349 93 -89 -243 -306 429 437 -784 955 -267 825 -913 -352 936 -707 191 -173 -462 651 819 -174 502 99 -373 776 -987 -568 -653 -189 -146 -779 -926 -429 -273 385 -385 433 972 -1 728 553 -730 -113 -773 595 215 -284 -630 -598 959 -244 -616 -434 959 967 -796 -553 -364 679 543 847 226 -546 688 -386 286 854 -826 -1000 364 -140 498 454 -528 640 472 308 -952 450 770 226 -210 -538 -220 416 -982 702 -350 -600 -408 90 60 208 -164 654 952 638 616 -932 -544 728 660 460 862 -156 -994 912 498 -696 -630 -246 0 -746 4 -234 228 682 484 -66 700 412 560 518 310 966 328 572 896 -182 -970 -100 -638 -692 -908 180 -560 178 -124 448 710 938 442 186 2 0 786 2 -690 498 -882 -342 -126 742 734 278 -772 944 318 536 -244 -664 -298 750 758 -96 -936 -166 -524 -788 -660 -158 494 -914 -706 194 -82 294 434 818 308 -240 924 -66 -416 -682 516 400 -858 -710 660 234 324 794 -616 -684 296 912 -630 -250 -260
163
327 -276 -77 -329 -624 539 -649 979 -28 -819 297 102 17 693 -63 -672 869 962 473 385 -587 -924 -715 -834 35 819 176 495 -908 -840 805 -308 -955 261 136 -568 667 189 -641 752 703 430 112 961 418 403 -165 -622 -784 -61 -841 -548 -39 99 -520 -77 -102 -665 721 586 527 891 711 -447 465 576 -798 -990 805 -415 462 -273 -245 -276 -638 723 -537 -504 869 -455 -135 455 -963 44 -484 672 -533 51 -427 -217 -174 1000 677 847 -469 -747 -169 411 -651 872 533 -527 219 559 405 893 -832 721 -517 693 -247 -587 -568 642 -369 -483 77 -803 -819 482 -34 920 618 -816 896 -204 386 344 -676 338 -130 974 116 -48 442 532 596 -294 -224 -1000 914 -922 812 260 826 866 502 -848 916 -454 -16 -574 496 -300 406 -880 670 -962 -146 -860 2 -546 408
823
321 -329 52 -601 -649 692 686 596 66 15 766 127 604 -836 -305 111 -728 -778 -841 902 858 917 780 79 -793 391 884 585 -46 762 455 998 858 -565 867 512 249 -15 -780 -250 107 -666 481 -803 847 -809 686 -264 -317 440 -403 331 -681 442 705 369 -451 483 -327 109 753 -535 739 -583 -660 185 -209 -641 668 -972 281 588 -119 -75 -528 697 -871 417 455 676 -539 -851 -404 -828 -674 376 885 -39 883 134 93 -64 -678 -455 227 -465 -343 303 -892 -104 -653 -871 -19 -569 -891 -455 -781 -323 580 -351 -958 -531 821 847 683 897 -727 455 -917 -36 -765 -817 101 333 231 879 212 -147 -145 -595 484 -938 -807 836 881 102 -701 -608 -221 11 250 625 -947 -5 619 131 761 889 -728 -649 541 355 802 -991 815 390 111 743 -781 -741 -287 -173 -594 143 311 455 833 882 -187 161 -267 117 -76 735 -854 639 495 317 700 -612 117 -637 -705 952 205 -22 952 -165 103 717 -664 421 -697 965 -495 -812 -441 -153 -943 -357 895 252 32 330 -473 253 629 -95 -715 101 -867 945 -243 -909 -923 909 760 552 -813 973 523 -491 747 -442 -925 -693 -893 285 -413 231 -947 -446 -397 241 413 412 -847 748 602 669 729 109 -419 184 867 546 729 385 98 -78 495 -264 943 -67 677 73 -906 840 -980 -154 616 129 583 -11 -507 833 869 -857 -658 985 655 -965 649 -126 943 638 -574 506 781 941 420 359 328 -842 559 793 771 905 -705 -277 454 687 -168 231 -343 -11 -468 486 -764 -935 825 329 -888 720 711 945 -79 408 -461 -341 924 -623 -672 25 973 119 677 -223 -868 -719 -675 -121 147 -277 331 721 699 -951 -336 135 -10 0 517 782 -429 565 376 -262 -81 596 -556 797 565 524 -577 -861 -532 -409 -271 -931 204 -834 -49 794 36 -277 -106 -222 748 -99 781 -20 -655 -793 637 113 177 -715 -296 -155 761 987 338 200 -13 441 647 -144 -309 -546 128 871 363 27 -526 -17 -490 826 -604 884 -813 253 -254 -664 -559 884 693 627 0 -525 -106 -899 -776 861 721 294 541 840 932 -809 1000 -469 967 174 761 -210 729 -747 -95 -363 119 -455 65 809 809 251 546 447 -341 -810 550 -119 -209 249 546 196 581 73 395 563 -814 751 -141 -280 -403 135 -861 -341 -165 -634 -382 -752 -629 -185 271 311 -610 154 -759 275 -307 -448 209 294 145 -758 931 868 359 105 -395 345 -445 -517 840 240 -767 639 -434 -651 -119 -671 655 -365 818 -613 869 -149 -143 625 -340 309 -371 115 1000 119 708 -401 581 -318 -525 7 294 -655 71 -123 252 157 475 493 -579 -837 -133 -657 -564 658 -196 -427 -126 546 354 273 -755 -601 -143 455 -348 422 -308 -266 249 -539 -853 549 -577 91 -111 -772 -209 343 -525 -925 -389 924 59 -892 423 625 487 -146 -820 489 -575 -227 -131 171 385 631 -634 -316 -162 435 81 -631 -658 -408 946 273 431 -117 992 917 524 24 351 231 -953 804 -438 -1000 -935 165 -764 925 -380 -923 945 572 -233 823 -539 105 998 -490 -123 -109 629 203 -209 -877 629 -900 75 723 556 794 379 -273 -956 121 889 812 -894 255 481 -348 252 -499 643 469 -908 -121 -7 364 154 138 478 -266 -714 174 -100 380 442 572 -192 -120 -616 1000 880 -936 412 -882 -196 238 -428 596 -276 224 -386 -742 924 -770 914 -896 -578 -510 16 586 -544 -68 602 -454 -780 -802 990 682 276 -88 -272 46 -178 352 838 308 -28 -18 -958 622 222 -598 638 -858 552 -14 -144 972 -592 378 500 -28 616 420 98 -94 126 870 -354 -28 -702 546 -486 -800 880 -824 -738 -540 -118 -260 994 828 222 770 -924 670 644 -378 -814 968 32 0 212 -966 244 60 714 556 -542 728 -686 -362 -694 -156 -258 506 -646 -800 -868 -308 28 764 812 836 314 -390 104 212 882 718 -420 -114 -10 246 818 -416 924 -240 170 -546 -902 520 -220 -706 -834 -472 -222 -592 212 -740 -582 66 -780 -124 570 -644 366 988 990 462 616 44 288 920 -998 -22 234 250 216 -714 488 602 858 -220 -672 106 96 -336 840 -24 -992 -614 154 156 -88 936 -772 -196 622 256 -770 722 -880 -364 404 -502 532 -542 -618 314 -338 -274 710 -904 -416
853
-935 522 117 449 -497 553 -913 -493 -630 -665 -213 -673 -374 586 -257 -49 553 300 -993 -620 -473 -315 -293 616 409 -631 539 -550 616 -141 -28 -616 330 -791 -555 -385 -189 600 14 -99 865 -310 924 429 38 287 533 -913 817 483 641 -531 -351 -954 193 897 371 -970 -511 74 -901 -814 -136 364 -713 -473 -878 -892 -869 751 481 -945 -151 -91 273 429 -297 -211 857 -263 189 -159 64 -405 963 979 -280 -154 643 181 805 -427 -219 -245 231 872 -250 -325 807 821 39 -495 539 4 -21 876 637 980 215 -583 -97 531 462 -945 663 -721 637 -337 -153 93 -361 -679 929 -471 -910 85 -792 -616 226 55 -105 -130 147 85 889 -112 101 623 -867 -189 448 922 776 462 546 875 -3 422 418 583 18 -551 315 201 -788 988 0 173 266 364 -135 -481 -123 632 -416 -556 -425 637 -707 -105 -393 -793 572 594 -56 689 -31 -865 -640 -553 -902 -979 682 601 498 801 144 -959 738 246 -99 -404 911 -909 465 451 139 133 845 902 -729 -934 -247 -109 -21 -797 -886 -455 346 -267 190 -138 -19 -921 42 205 259 -378 -189 -335 -996 829 977 649 -121 -379 689 489 357 -409 702 347 323 -480 -19 -21 973 125 -869 -385 -239 -469 0 -165 -131 -197 935 979 -903 -702 -250 -561 -349 -994 333 -161 767 -561 -319 -43 815 -507 327 -676 400 -721 -459 12 -47 51 -483 77 377 -539 505 451 -105 -935 552 -595 196 616 21 477 -917 689 14 -852 -516 455 688 -340 924 -351 -819 721 -121 753 303 947 881 881 -755 467 861 330 351 770 -929 -819 49 236 -407 505 -945 526 769 345 370 923 140 -666 -261 525 273 863 -572 -822 429 455 536 -132 950 520 825 63 -875 528 819 -490 -221 -637 801 507 -1 187 -101 -885 473 933 378 164 848 -873 511 421 -175 315 666 -286 702 -539 -343 -777 -577 -203 -413 401 -275 13 515 80 346 -765 -175 847 -288 369 343 -337 -977 -439 8 970 -861 259 -187 -343 -669 -92 903 -5 -182 -369 560 856 -333 -935 -860 690 567 -401 -161 766 456 903 -749 -259 533 -877 -143 -345 942 638 -156 246 877 249 -647 225 141 399 88 484 -273 111 -759 -463 727 -88 -546 -513 -455 -748 -655 -249 323 894 -452 954 -637 -371 187 497 484 -683 563 349 -247 -711 -572 -647 -403 902 355 630 498 102 -541 509 255 -127 -762 979 -536 -528 -647 961 831 871 740 246 983 117 671 -783 616 869 -101 581 -181 -652 -605 219 214 483 581 430 -988 851 18 427 -760 827 -54 662 265 954 -112 463 349 -876 194 415 -257 -989 -793 -221 -357 389 -455 -759 -18 -872 -425 -949 964 319 693 -897 -417 962 487 77 299 -812 749 291 -495 655 651 357 -627 447 -546 -55 658 898 208 -553 245 -653 -661 -523 -754 -758 329 -505 387 91 561 -819 -613 -114 -637 858 979 343 349 -473 -777 896 -945 858 -177 -703 -676 -282 166 437 -95 405 42 -336 923 -491 -462 517 992 98 27 -259 -337 -731 -747 -223 280 941 -882 682 -587 -965 630 245 -669 77 817 260 -507 255 281 456 -653 803 534 33 -132 -154 549 91 -896 637 819 855 396 -257 702 781 -859 -565 142 -533 991 -164 637 208 833 -719 -164 462 -206 778 944 -658 -188 154 -290 2 -742 -742 -670 -798 134 -552 -700 -50 -634 884 770 -896 -494 -258 -794 26 896 666 -652 -276 462 326 -830 -682 326 -90 980 728 -702 28 508 -784 -586 968 -80 442 -806 44 416 -130 -168 -316 18 760 968 -308 -760 220 -900 998 126 226 -934 -602 -856 0 -140 924 0 308 726 -344 -316 988 732 -104 -798 -774 420 -440 -530 -118 -308 -576 -462 -448 36 -14 68 -798 -168 -220 -270 286 -392 636 -902 230 962 -780 -546 900 448 300 56 328 26 -314 -676 454 -184 852 -912 586 484 -658 -858 622 702 -938 -402 -798 572 552 -164 -838 -362 -912 496 -254 836 126 672 152 780 730 -100 -658 580 -686 936 -996 182 -132 228 -94 182 -154 0 -574 0 550 812 -606 192 -156 -172 -288 990 -988 858 684 -130 504 156 242 230 -826 -910 0 -8 982 -628 0 -62 550 -546 764 -486 1000 -150 596 482 528 968 436 88 112 566 28 -116 -886 198 840 -166 -384 588 -462 -392 -88 412 8 328 -30 924 -840 -618 -360 -180 -922 462 -80 -666 -724 728 756 -154 -680 724 748 -920 912 -834 826 -338
213
-684 713 -437 87 -811 -195 -847 -859 -79 127 -117 245 560 -566 -380 978 75 307 589 -427 -711 -896 233 -429 754 -527 -731 -63 154 -782 -531 -286 -194 615 -738 315 -115 -327 -181 -932 689 931 996 -765 77 -489 -77 104 977 -68 562 416 -754 -325 632 592 -277 -951 -75 -417 -185 -165 -725 43 -130 567 -468 671 -441 945 497 -635 -785 329 -637 911 -153 -22 98 -455 -702 73 -883 -616 -415 143 -820 293 477 697 469 749 -14 -489 -392 -436 -940 799 730 811 858 -84 -647 513 -696 -861 -653 579 -670 -980 589 -588 -931 3 -74 -280 385 -539 -572 -623 -719 -413 -506 -721 132 -171 979 -811 -687 436 -509 -63 -80 363 -519 961 789 154 -807 -317 -873 -22 -107 -799 507 844 -716 -771 -757 -550 -943 -341 -801 -760 546 625 823 875 33 36 231 462 -364 -548 56 -650 -692 622 594 520 -706 624 -154 990 -414 34 -810 434 312 822 -280 910 -946 792 -204 640 806 1000 180 -502 -228 -66 -320 132 -26 -910 542 624 -74 -720 0 -444 876 -242 370 380 -780 -270 -452 326 986 -524 378
838
21 39 334 249 161 -787 287 -961 616 145 -798 -307 850 -721 622 -161 -39 444 -403 287 591 819 -917 355 -533 65 821 903 -871 669 -280 -947 -979 244 886 550 930 -748 6 -615 673 775 915 79 -911 901 -945 -244 333 -957 -855 213 804 475 459 403 981 497 356 -223 693 -696 846 286 -226 741 425 -919 504 -505 315 91 946 17 -730 939 -21 -905 -735 -579 -868 -627 -715 -453 143 -44 -276 -722 300 -181 416 -713 841 -809 -235 -758 161 -936 495 -484 -931 749 455 569 443 231 -959 -237 -759 -161 877 -970 -221 -229 794 -31 -363 429 -129 77 135 -877 -128 131 687 -210 -185 347 704 -17 -306 137 715 -417 297 616 -519 461 637 -2 624 15 -949 231 623 -373 -765 -363 -546 -748 330 601 99 -757 429 235 -361 -958 231 -187 -717 -399 189 715 -893 735 -865 -869 959 865 37 -553 859 -759 -281 -392 186 -480 -431 -143 12 262 -923 -457 504 -945 415 -921 733 -858 -640 749 465 567 126 -622 416 -793 -989 201 369 -205 -539 815 957 484 571 810 492 -651 -561 502 -668 -286 42 -462 262 -675 0 -797 877 -341 -149 -461 517 -319 -143 -906 -611 -871 432 -806 -428 -726 -467 -440 143 -511 143 884 -735 -260 -553 -420 888 91 -534 -241 460 945 420 453 525 -641 577 -370 -899 237 -39 192 -867 -799 -626 -434 -299 -112 -860 -236 793 455 7 -371 336 -563 806 -60 855 -347 -993 -715 84 385 382 -363 -647 -296 -847 -879 528 -241 -287 974 -853 35 -519 482 -191 770 909 -562 29 -181 -977 637 -605 -238 -74 531 887 -481 -769 -261 883 991 -593 -208 871 87 -341 757 -971 -165 819 -539 716 817 -825 0 -896 698 903 -630 427 -617 -717 45 -46 834 -845 956 -382 583 -663 -716 -858 749 -651 656 737 721 785 -201 742 -536 859 338 644 -861 294 -901 -882 755 902 953 -291 -235 601 -419 -121 -442 33 233 213 333 675 385 497 17 897 391 -387 627 -843 798 189 -651 -376 -923 -186 915 -161 123 899 -285 353 800 -128 99 -786 67 -949 -627 109 -957 -721 -847 -637 -251 611 693 429 -877 313 -338 -620 -739 295 987 -750 611 146 741 672 333 427 -273 667 -876 875 -973 -624 605 959 -85 -750 936 345 -423 861 84 225 318 -885 973 237 607 169 273 -498 -285 685 -499 385 -939 547 -119 -968 -791 771 621 -253 809 272 -101 561 715 -189 877 -901 -371 703 686 -130 -899 389 638 831 -547 453 583 -577 -9 589 -81 -275 782 154 -777 -625 -772 -596 783 -919 357 -588 376 545 -835 -817 -873 -528 -865 44 471 393 -931 -747 -535 231 213 37 555 -134 -983 -959 -602 -169 129 876 550 924 872 949 107 -77 -966 -147 497 -832 965 -987 286 799 634 -489 -460 287 -385 -805 28 943 -564 962 -119 -586 -182 -379 -320 904 -672 -475 231 -459 191 -404 567 761 -885 -511 -153 -737 821 -799 686 121 -725 -721 123 -267 -434 -409 -573 803 -767 -715 -844 -238 921 679 -399 251 525 -385 840 121 -985 420 383 15 483 290 -871 50 -350 682 679 -888 -910 -392 -333 -471 528 -595 -671 -415 451 390 -474 706 -70 -710 302 1000 -968 952 -532 -736 -644 -32 -32 -760 -574 -640 -420 646 286 -56 -826 -664 -74 354 -52 -536 28 -616 -966 -18 -572 -28 -342 -934 -512 858 364 -658 -182 -90 -156 -268 798 528 -706 -510 668 1000 308 -882 434 728 316 156 -830 982 -576 -312 936 328 -134 742 538 154 -274 -112 378 6 286 440 -808 -240 98 -84 296 -54 -356 -180 912 24 576 -676 420 -594 -714 112 -730 932 -520 546 -118 862 -560 706 920 172 568 -490 -938 -202 -646 0 -392 -882 80 -520 -176 -798 990 -650 -940 56 -920 728 -384 518 -552 972 -848 -214 182 832 -554 -416 428 990 -556 66 948 -182 910 -852 364 -434 -152 500 558 622 616 -664 288 -588 -214 56 -56 -216 266 758 220 338 -952 -636 286 -506 -672 20 580 -252 634 900 -416 26 852 142 36 -590 174 -484 -606 -430 332 588 -880 -224 118 -784 230 -122 -712 118 -448 230 -680 -596 252 -54 -308 118 560 726 882 110 -364 -54 88 990 -618 910 782 796 930 514 896 114 546 434 -652 -232 -510 0 -742 772 774 -948 -110 -738 420 -176 40 348 594 -726 848 -756 594 -924 -892 858 -434 716 -844
953
615 457 631 910 -80 795 724 771 819 -44 182 -251 -849 -853 -48 -407 133 -703 -726 957 -910 -931 -59 249 163 -462 71 251 -9 997 -581 -491 817 -637 -171 -969 205 -468 -263 445 -793 994 64 -171 -464 -991 641 -966 -193 -903 664 49 -809 -780 119 -411 -338 -338 793 -740 -198 782 843 913 499 945 641 251 269 403 -745 763 -727 -941 -367 21 -793 -397 -925 237 -95 -651 187 -758 481 -595 246 177 421 847 -83 -533 -654 549 121 -881 805 583 -865 -945 263 393 866 -440 -787 269 -419 638 749 -175 427 -185 -530 -520 -51 -394 -921 -305 735 253 -118 132 65 -995 -987 -632 769 -231 -685 715 97 -17 397 979 959 834 -585 -479 -935 -979 759 -784 847 70 -817 -681 925 -639 -770 -957 438 461 -957 -21 617 455 463 423 -755 -309 819 288 171 911 182 963 -504 -143 -103 721 -882 689 908 -341 988 855 -89 -555 114 -961 -451 91 435 317 737 -280 873 -394 897 -35 759 -193 -119 457 -119 -650 -66 583 -855 557 -262 -884 -39 -110 -957 -203 -345 -130 901 -87 745 752 348 208 -220 -65 -443 -219 -91 93 -841 385 847 -753 -855 205 612 -749 987 -104 157 -208 -651 -126 979 987 307 -538 611 -171 231 -88 904 689 528 -407 167 187 -77 390 -415 -485 468 952 198 -146 715 275 403 165 -656 307 627 -539 -596 11 -160 77 -665 690 319 -604 440 -901 935 643 469 -949 -713 -431 -997 91 -22 63 761 264 147 -665 -74 -25 -275 -683 840 872 -623 -369 607 288 -567 78 -312 742 -640 -935 -756 -947 858 525 -665 -119 -528 -70 899 667 469 -99 845 -825 385 687 -680 254 701 -521 637 855 -135 -511 889 -869 379 446 451 -921 305 78 196 -449 -186 419 777 917 -192 -819 -488 221 -923 -727 308 946 -871 79 -77 781 264 -881 708 -687 194 -733 -994 -371 -224 954 -162 670 730 -53 315 570 -97 371 -825 111 423 286 301 -278 739 239 -42 315 -661 77 187 237 456 -975 -1 107 663 -893 -604 -611 519 -294 -10 91 161 0 -222 -107 -973 -561 741 980 -824 -26 -119 213 657 -987 -11 -127 -371 -42 379 -35 -514 563 -385 953 -903 990 -671 449 181 142 -861 -94 586 -727 931 -176 834 220 -777 221 917 471 -455 243 -195 569 -308 -742 -875 -105 -441 -63 533 792 181 80 715 -845 -120 -114 -997 -966 858 945 -99 -398 -642 271 172 -209 -220 -911 731 -392 -630 324 557 -752 999 -117 -297 389 489 365 -125 978 436 -33 358 165 -443 -356 763 259 -327 -617 -33 888 -632 378 -237 -303 618 728 819 665 -591 -586 217 231 840 266 593 758 -728 13 613 -485 -577 465 -329 -739 799 355 -753 832 -423 -156 795 780 661 647 -581 22 490 234 -247 -207 -273 -185 -682 571 -897 -220 -582 795 822 -393 -825 -130 557 -308 -621 543 -246 -3 -1 -862 -569 -429 365 -781 13 -626 -923 -148 912 -651 -497 -553 137 11 578 -681 -118 -357 -717 721 -223 -869 -667 651 -22 679 759 985 455 -659 -939 -102 59 -365 -413 803 253 495 -845 497 161 987 953 163 -335 -60 -143 723 -264 768 -489 -721 799 -662 741 801 -611 -368 -105 21 -737 -880 -779 -149 -366 -973 -155 -435 -670 -273 -311 759 -207 -110 361 689 221 -643 -977 494 640 -746 -55 -286 133 -133 895 -43 491 400 461 583 819 352 182 980 -366 -756 66 -356 -470 -87 875 -865 -975 -553 -345 720 -393 -544 535 -726 -119 165 852 67 -210 -109 537 200 798 343 -972 171 -223 853 -45 605 -891 629 461 -546 833 -324 -170 817 -371 421 -905 -136 -111 -42 -357 957 779 -426 49 -297 -577 969 -623 -962 462 519 574 -546 402 952 -762 838 -880 932 -566 770 752 484 -150 514 -194 208 -434 -150 584 -786 810 -584 166 156 296 -550 -858 -340 504 616 132 0 -20 -438 -146 724 -196 286 -514 -462 1000 688 -960 302 462 154 -132 -830 -156 -570 0 -420 -606 498 -936 -716 -920 -72 -754 -790 -954 -518 -506 280 -542 -632 -342 490 868 -88 -174 -214 26 -44 -648 426 208 516 228 -624 260 984 -656 -900 822 390 888 -198 -822 154 -546 -546 770 -658 -308 -260 -28 -322 968 804 622 -386 -620 870 644 216 98 518 446 528 22 926 -390 872 94 826 704 748 -682 684 -706 584 -308 602 -734 -816 -332 -994 200 -826 -256 360 -748 -172 -32 -832 254 -852 778 822 84 304 -702 638 754 -726 0 154 918 -570 -712 860 224 326 776 694 632 150 -238 -542 506 410 380 -120 140 -394 -252 -616 822 594 462 -462 -858 -704 376 -390 958 -694 158 -308 -396 -112 182 -336 948 -996 -906 88 74 684 934 -138 134 86 530 940 572 -308 416 692 -570 -36 -104 402 -870 -772 -832 -510 280 992 412 -916 754 384 -44 926 -700 -476 -218 -616 356 -378 -624 -728 -880 -926 560 -22 268 94 -308 308 944 126 436 6 910 -42 636 838 20 -458 66
19
-937 -776 -213 -55 518 811 -7 23 827 242 -568 -842 -182 66 678 874 292 -164 -334
18
-605 -871 -754 99 -24 107 143 290 520 -273 -700 -984 789 321 -11 462 -924 866
754
-414 -14 -736 532 -728 -601 73 -99 245 -547 407 -851 603 -123 -147 -369 325 696 107 -429 -851 -166 -285 439 -949 231 305 -143 209 -428 -165 -179 -554 -531 853 867 -853 -905 931 -273 -865 -607 382 227 654 -629 -251 256 440 -103 248 411 592 -376 715 -376 -611 473 77 -955 584 763 135 66 813 744 101 -849 215 693 91 349 -427 75 -545 -914 595 873 -369 75 907 145 429 -311 -624 -434 477 -406 605 -422 -889 -654 829 -607 188 -189 242 -36 -95 -273 -609 13 -995 -911 -815 -133 767 462 319 -762 -570 686 693 567 440 769 915 14 488 765 -829 -363 -65 -143 -71 -315 455 539 449 325 765 -171 585 -715 -150 403 -176 102 -183 103 795 -779 742 -583 -891 -385 855 -749 741 227 270 611 -371 301 -153 385 -813 -78 -228 956 259 -189 -77 -592 -451 -853 819 -65 -301 983 803 -240 -777 312 357 -609 747 -759 799 -13 952 214 390 673 -573 234 -687 231 214 -729 899 -499 -91 -329 53 -667 845 376 594 143 325 352 -294 -803 186 -434 -132 -111 -123 -83 822 -757 301 -924 -231 238 256 473 385 325 389 -127 0 -539 -371 470 -506 -974 -199 602 -847 239 -468 -770 -753 825 649 368 977 403 767 -267 -26 -286 687 -330 679 -952 -220 991 -353 -649 353 63 -202 833 -599 -10 -912 623 504 572 -889 -842 -887 -94 827 -563 -819 -87 538 819 677 -300 -720 477 133 -931 976 -294 176 511 -636 33 -427 -141 829 637 -672 -143 979 -106 861 311 104 -238 377 -429 279 790 994 633 133 563 388 525 -775 386 608 861 -287 -429 285 980 247 713 217 561 70 -400 729 -602 586 191 -575 843 -759 -279 469 -223 -221 -727 205 -350 -737 -242 692 623 -369 237 875 177 964 217 110 -574 912 -517 975 0 609 738 653 859 -832 820 626 -505 -106 -707 554 -887 645 -3 -797 323 858 803 656 -447 923 -891 -570 671 245 594 -511 -999 -6 825 -187 842 -64 335 919 562 -571 934 -273 -175 567 -407 -825 -567 399 -278 992 -391 726 -409 -487 -459 -11 902 -159 189 -853 793 546 -747 -483 -131 435 704 -929 -353 972 -655 -623 -563 306 -540 847 -590 684 569 23 909 836 -521 246 -73 875 77 7 -546 -497 754 455 413 -798 31 871 -237 -418 91 1000 -426 -753 490 -603 -793 -879 726 -539 -562 -961 -871 -367 -785 -628 538 408 954 -893 -334 -987 55 -850 -497 183 -143 -563 515 157 305 -906 -198 -489 -540 901 781 -322 343 436 869 754 -363 -795 727 996 -193 773 -813 -737 -213 -535 -663 -429 848 176 -347 -672 159 81 -189 -513 13 -637 -935 552 -851 843 566 -588 185 -115 261 862 187 937 -207 203 433 615 -484 -596 300 748 -91 -847 -619 -805 -975 913 703 -584 557 -245 681 -701 105 553 841 229 -275 213 10 468 -702 114 -678 176 -242 446 -858 344 992 -288 -496 -152 480 -238 -114 -896 352 522 12 966 462 994 -280 -456 92 -56 294 -400 -914 -154 -286 286 194 -700 -760 -518 710 -694 0 650 476 602 -958 152 -84 834 882 -266 -602 -222 902 -702 -142 -766 352 336 728 -866 -150 572 852 -108 488 294 -928 -568 558 218 -284 -212 -252 -90 484 -702 426 420 -504 300 -544 -30 84 684 -130 418 160 154 704 -292 98 -270 772 -698 998 -518 -394 -104 -600 -870 -856 -722 -710 224 968 -462 910 -962 260 996 948 408 -972 682 638 338 -928 222 594 -944 -220 856 568 -858 -688 -914 902 -540 726 776 330 -20 -20 -910 -372 962 176 422 22 584 70 -436 -620 278 -896 -268 -308 -12 -28 840 -594 478 -504 -312 198 50 80 520 -60 172 -104 602 26 860 156 844 -978 946 932 788 14 950 -520 296 -240 384 616 528 -562 -842 60 670 -670 112 808 -610 798 -222 310 986 674 390 42 -468 -714 -240 -912 364 624 984 -616 532 -390 -586 996 798 -728
970
-243 -203 -719 583 99 -518 623 900 227 539 -887 -657 613 -247 249 394 443 563 -963 852 -847 139 -477 947 168 -637 589 -927 957 -154 -58 -143 0 741 -867 -647 -847 -910 420 406 293 -912 -957 525 -919 -139 610 203 707 619 782 517 781 606 307 165 370 -439 -652 287 933 884 -429 769 -946 369 -497 624 785 607 -295 441 125 773 0 -693 125 374 536 821 491 -214 -968 767 -39 -267 352 299 -707 337 543 539 -106 -822 -889 231 765 800 -958 970 97 210 -847 535 979 205 234 -871 -471 -817 -850 -283 700 -867 77 -98 385 497 791 779 206 751 416 -94 -354 75 507 -93 -539 -522 227 623 -142 -173 -275 964 -19 -441 133 -522 -67 -684 -237 129 -495 609 789 -413 -920 -318 -847 -473 -446 238 -409 -695 -497 261 633 97 -237 0 -855 -543 663 899 -874 326 37 -721 -49 231 -143 -396 -134 267 -817 530 143 736 -671 514 141 -450 -462 -492 -271 -441 -138 378 -273 337 273 -999 -525 230 -858 881 -25 793 991 35 65 473 -357 45 -205 -648 -245 -170 -301 650 351 127 -297 963 308 543 -171 267 917 -560 -977 98 -874 168 968 -299 -507 450 -745 160 730 805 -529 209 420 -885 -977 -292 694 204 -407 -319 170 522 966 -662 441 -667 -476 -432 -649 -399 218 -119 -154 41 934 -469 107 -770 -724 326 963 407 -563 57 -612 -749 -709 -335 -825 -981 181 606 -962 462 -209 -567 -49 -567 -378 728 603 -203 -343 728 515 -619 -603 883 -23 -789 492 437 -990 780 371 -747 -541 -385 -602 516 843 -835 -364 544 712 -567 325 735 -371 130 236 480 981 311 -191 813 -316 463 -165 629 583 335 615 484 -531 -191 -833 169 715 -413 -953 304 746 473 -67 -579 841 671 -583 525 -819 338 -703 -151 304 525 -590 820 -461 749 945 255 -799 -755 -990 912 -958 -217 524 -608 925 -11 45 473 541 -580 263 17 156 -693 -544 865 -324 49 819 228 805 -135 -475 495 686 -862 -793 -529 -75 238 776 -345 -162 256 666 -165 679 957 -665 -919 -663 -825 -283 -509 931 -868 -616 227 -880 132 -860 488 -234 196 -737 561 369 -770 -731 -759 323 16 390 210 -949 -33 -767 506 -346 326 -483 625 -941 443 318 424 931 539 -70 679 -167 858 751 -99 741 -631 501 -213 -938 -680 183 231 111 429 377 -935 85 678 845 -221 277 273 162 -388 -427 -155 -634 917 -561 -774 -105 399 603 -249 -78 -572 651 41 -875 -161 -825 156 355 331 826 -891 -527 0 -553 843 -231 267 535 261 201 965 -792 -700 -538 -917 987 125 -520 -346 -202 -666 770 59 358 212 378 -605 -840 -893 -224 -193 225 658 597 -465 -287 -123 -239 961 -397 -477 -103 -280 965 -686 -635 -537 -903 -899 -217 29 168 254 -299 -357 174 -993 -953 58 -843 173 -703 96 940 803 333 429 -159 -726 978 -765 799 -836 994 -594 -286 154 -832 -217 85 -651 -22 -867 -723 -839 -44 -483 -976 105 944 351 260 603 41 -435 -729 -484 968 273 -115 -869 -105 -897 975 676 195 -709 -336 371 511 906 930 -57 -26 545 -255 256 385 -259 550 -331 351 539 -987 -91 819 0 153 407 939 754 693 516 704 127 -44 -820 41 971 -246 -469 -37 -433 883 143 -161 -73 -377 875 455 885 -40 24 959 -169 -519 -457 473 777 -41 191 702 -263 961 62 -889 695 311 639 843 977 -489 -440 961 -923 651 264 919 239 -431 -433 -869 -242 -467 805 608 -367 718 910 -611 -895 360 910 -273 -51 -440 -64 -462 737 -878 522 561 851 -84 -986 351 -64 -65 -587 -449 -243 117 632 129 -764 -711 339 261 -115 611 549 467 -817 661 -998 -700 143 231 469 731 -398 793 -697 441 473 -25 -352 291 -420 947 500 763 119 -917 -852 -887 185 -494 377 -692 -990 0 881 -726 517 955 834 169 -541 -845 235 -611 -166 -378 860 808 -592 -421 547 -633 -819 137 463 -668 229 -718 -702 -176 -980 -884 774 778 -478 -584 738 744 472 -564 -718 -572 -232 42 592 -826 -994 -396 804 420 -804 -542 -756 574 904 -136 -770 230 818 26 358 -910 -78 -350 -738 -406 480 856 428 924 686 -314 832 234 44 364 902 22 -374 202 74 390 -568 594 -198 78 -750 68 -352 -740 342 -390 -970 122 -958 -646 858 478 508 352 -796 -924 930 -374 -236 -834 174 -518 132 248 466 946 -50 -862 -140 70 -506 -608 460 976 -420 442 528 -720 728 -260 990 572 -936 -376 -990 130 546 490 -364 738 -292 452 -634 -960 626 672 -558 -340 188 -124 154 462 -338 926 436 -278 662 778 -850 -172 -178 -660 728 -462 622 -132 -286 586 -134 -570 -790 -658 98 40 -334 -646 -354 572 -218 -724 260 -198 140 524 374 654 -574 834 682 40 -312 -218 350 -972 -992 672 -948 442 -392 418 -924 392 -546 96 -64 -572 602 -364 -988 106 -220 266 928 774 28 -762 -276 -974 -748 630 812 986 -876 10 954 -276 -752 -546 -928 798 -648 -304 -54 0 812 -218 706 168 -590 646 -204
