30
1
1
2
2 1
3
1 2 3
5
1 2 3 4 5
5
5 2 3 4 1
17
-63 -41 -23 31 73 93 80 60 58 36 32 4 -14 -22 -64 -70 -80
81
-99 -99 96 90 -99 -91 -89 -69 -63 -51 78 -47 -31 -31 74 -25 -25 -21 52 50 50 48 -19 44 5 34 32 27 24 31 33 22 18 18 16 14 39 45 45 45 51 53 10 55 4 57 57 63 77 81 81 0 0 0 -8 -10 -14 -18 -18 -20 -24 -26 -30 -32 -34 -40 -42 -46 -46 -48 -52 -64 -72 -78 -88 -90 -92 -96 -98 -100 -100
52
-99 -83 100 88 -63 -47 -39 86 76 -25 -25 -21 74 74 1 9 64 48 23 25 27 44 29 42 35 38 49 61 67 75 99 32 30 30 28 26 18 4 0 0 -12 -14 -16 -34 -38 -48 -48 -52 -56 -74 -82 -96
44
60 -91 -81 -67 -31 58 -25 32 28 -21 0 -19 -17 0 -2 -8 -8 -11 -9 -46 -5 -48 -50 17 -50 23 -54 27 29 53 -54 -66 59 65 -68 -70 -74 81 93 95 -80 -84 -90 -90
40
-83 -75 94 88 70 -73 -71 -63 -63 -45 70 46 46 -31 -29 -27 36 -19 32 -3 28 23 18 23 35 35 12 41 -2 61 61 73 89 93 -16 -42 -82 -92 -96 -100
69
-89 -89 -87 -83 -79 -77 -75 -73 -63 -57 -45 94 -39 92 -7 7 7 88 11 15 82 80 43 47 51 51 76 55 61 61 68 63 69 71 68 77 83 87 91 95 48 46 44 38 32 20 16 10 0 0 0 0 0 -4 -6 -10 -18 -24 -34 -36 -52 -54 -66 -72 -74 -82 -90 -94 -96
82
90 90 -97 88 -91 -71 -71 -69 86 -67 -67 -65 -61 86 -61 78 -55 74 -55 -51 74 68 -47 54 48 -45 -39 -37 -37 48 -31 44 -29 -25 -17 40 -5 -1 1 5 38 36 13 13 19 22 35 37 47 51 20 53 69 69 12 71 79 6 79 2 87 0 -2 -4 -16 -20 -24 -26 -28 -40 -46 -56 -62 -86 -90 -90 -92 -92 -98 -98 -100 -100
44
-99 -73 76 -53 -53 -49 -49 74 -35 -31 72 64 -19 -3 -1 7 60 60 23 56 27 37 63 77 79 52 83 46 40 26 16 16 10 2 -2 -16 -20 -20 -26 -64 -90 -90 -90 -98
6
-43 -17 9 79 34 -58
56
-97 94 -95 -91 94 94 -73 -73 88 84 80 -55 78 -55 -55 74 -51 -47 -45 62 54 30 22 -39 -33 -5 20 -3 33 6 39 43 51 0 0 57 61 91 95 0 97 97 97 99 -2 -22 -24 -26 -40 -50 -60 -66 -70 -72 -98 -98
100
55 -71 -16 -76 89 14 -45 46 95 -85 -57 -56 -62 35 -1 57 -68 -68 31 79 -62 3 37 -85 43 -23 47 91 68 42 -83 -36 -4 44 31 -33 -34 -49 98 3 -87 17 81 49 -3 19 51 63 -85 -7 43 57 31 68 3 -9 11 -45 -27 -85 -96 -61 46 3 -39 83 11 80 -30 78 -25 95 -12 96 0 67 -9 12 1 48 -4 12 54 88 -52 72 16 88 34 -94 40 -28 18 90 76 -66 0 22 56 8
100
73 -75 -71 80 -71 -54 85 -95 -6 -39 -34 -29 93 62 -99 -75 -61 -99 -66 -93 -54 -24 -17 73 57 45 37 31 25 98 21 79 87 -95 52 -7 51 53 -89 -99 -27 57 -87 65 30 94 -89 -15 -91 -49 2 59 -13 -64 -53 39 0 77 21 -58 96 75 6 37 -99 87 67 41 22 74 100 70 0 -28 92 82 86 72 86 50 0 16 -58 24 -100 -80 64 0 -84 0 -72 88 -36 -36 -22 -40 84 -58 50 10
100
93 -75 -70 84 61 67 9 1 65 -93 9 -2 41 -29 -19 -99 -81 -60 79 -71 -23 -90 86 -81 -60 55 27 69 -84 35 43 -8 -63 -95 1 -40 24 90 57 -100 50 91 39 -2 73 73 -23 14 -14 65 52 -9 98 0 3 93 -20 -61 3 -1 -90 -15 -3 -60 -25 31 48 -83 30 -5 -3 -52 -91 61 47 22 -56 0 74 44 -70 -94 14 -98 -2 -16 -52 28 68 82 -58 -30 -28 80 38 -48 0 -12 10 -72
86
95 -45 79 95 -95 -29 -47 -39 -64 -71 -83 25 -18 -5 -78 -85 81 57 -86 -88 25 17 36 -29 -58 -91 -97 31 89 93 -2 -5 -41 -53 -15 84 -25 -45 58 -84 86 -7 -99 -77 -52 -29 -22 68 30 75 52 7 32 71 89 -27 -9 47 -35 -21 51 69 -93 71 91 57 28 -76 6 -86 100 8 0 0 82 -62 14 40 10 36 34 26 -38 -88 -46 -16
56
63 53 39 -66 37 53 -60 12 6 17 -69 48 -21 -5 12 31 -57 95 -85 -39 -9 86 3 -42 -61 -6 84 -15 -30 94 -32 -49 69 83 24 -31 -6 70 12 -47 23 95 -71 46 6 -100 67 29 91 97 -82 2 -25 63 37 -27
97
69 82 -52 5 0 44 63 -69 93 -5 65 -53 -74 -83 -80 88 -90 -25 -64 83 18 45 98 0 73 49 -58 63 85 -61 73 -1 35 0 -44 15 -87 48 -72 85 -61 11 -31 98 -96 -100 61 -73 83 28 -95 82 0 73 -47 -70 -69 93 -66 44 18 83 71 54 57 36 -21 97 27 -21 25 -82 80 -49 97 40 -20 100 -22 24 8 -84 54 42 -32 -14 -50 86 46 -18 -30 34 2 -16 14 -28 -80
14
20 -79 -12 100 -83 75 20 -33 -87 -12 0 33 -100 91
6
-26 -15 -70 -76 57 -45
26
-28 -4 -53 -24 -96 -21 100 -18 26 -70 92 47 55 5 61 31 54 13 -17 25 37 -51 67 60 29 -74
20
-69 65 -50 -26 -95 15 39 -53 31 28 22 -54 82 36 2 8 -4 56 16 80
47
67 -50 50 -64 -3 80 91 11 22 -43 55 27 78 -48 0 -41 -82 21 21 76 43 11 -75 45 -37 -71 -33 11 77 -69 26 -28 74 -18 -18 6 -20 -50 -6 58 14 -50 -2 4 16 -20 90
30
-69 69 23 -93 34 9 -81 -79 -49 -24 51 65 -65 2 -39 22 38 11 63 -79 73 -26 58 -79 -26 12 88 -54 40 100
100
57 -89 -43 -89 -15 -55 69 -47 63 57 -23 -76 35 83 2 -35 -95 -77 -77 100 -86 77 -55 99 -45 17 -76 -6 67 -62 51 -55 -97 -81 63 11 -49 75 -63 5 -63 96 -87 -73 1 -22 98 49 -51 90 15 0 18 20 -18 76 -28 50 64 100 -44 10 54 -42 -88 -26 -98 56 0 0 10 -54 24 -72 100 -88 -72 86 88 56 48 96 -70 -52 -80 0 0 -28 52 -72 42 -48 -18 10 26 -36 -96 -66 -46 38
81
1 -47 -9 -19 -38 89 41 41 -9 -79 76 61 61 -65 58 -59 -20 -67 -31 -45 71 -85 -48 -41 43 -7 87 -73 -32 -75 -42 29 -24 68 -87 75 -53 -25 -21 -76 -99 -64 47 89 -7 9 69 -29 -73 55 69 -84 30 6 45 -88 -60 -24 38 -28 10 96 -80 78 2 44 -26 46 -62 -30 60 -72 -82 54 6 -52 26 -42 84 72 42
70
-87 64 -81 -85 -11 36 5 41 98 -71 -74 68 -25 56 -98 79 -91 -33 -90 -38 -59 76 87 -9 -35 1 7 25 -77 -17 37 -84 -47 -15 -42 -67 18 -49 -93 31 97 -66 30 49 -71 -57 13 -46 64 -45 0 46 -58 -82 -90 -66 70 -6 -96 -56 -8 -10 -10 -94 -100 68 -62 -32 56 100
